time_yr	Mantle_T	Surf_T	PO2	Patm
1.0	3000.0	2999.0	7.174669983425721e-57	1095495.9518328249
1.000000013854771	2999.999999999991	2998.999872851402	7.174947665909199e-57	1095495.9518328314
1.0000000277095424	2999.999999999982	2998.9997457028753	7.175225357033251e-57	1095495.9518328377
1.0000001662572544	2999.999999999892	2998.998474223905	7.178002743558308e-57	1095495.9518328984
1.0000003048049666	2999.9999999998026	2998.9972027521026	7.18078099437472e-57	1095495.9518329587
1.0000016902820872	2999.99999999889	2998.9844886649144	7.208611083325044e-57	1095495.9518335918
1.0000030757592078	2999.9999999979636	2998.9717752978618	7.236527825335683e-57	1095495.9518342454
1.0000169305304143	2999.9999999873517	2998.844705962831	7.520506178000779e-57	1095495.9518427928
1.0000307853016206	2999.9999999751617	2998.717711679963	7.813376164109287e-57	1095495.9518536995
1.000169333013685	2999.999999693316	2997.4551183477706	1.1278740325810027e-56	1095495.952201847
1.0003078807257493	2999.999999201016	2996.2018689889123	1.5884670072643812e-56	1095495.9528645764
1.0016933578463922	2999.999969728271	2984.681613173493	2.039110854562063e-55	1095495.9961883037
1.0030788349670352	2999.9999083006464	2974.428985017334	1.1088660526473335e-54	1095496.087277499
1.0062784595505225	2999.999655243291	2955.0347598427234	1.4373250984598491e-53	1095496.4638530132
1.0094780841340099	2999.999254579696	2941.277415888605	7.849167589636647e-53	1095497.0610677397
1.0126777087174972	2999.9987349989246	2932.011983958444	2.7994183528084858e-52	1095497.8360384433
1.0174517467430402	2999.997804904062	2924.0026078155024	1.195489901436893e-51	1095499.2238096232
1.0222257847685832	2999.9967665016065	2920.0292187454634	3.696534950474751e-51	1095500.773481327
1.026999822794126	2999.995676813713	2917.9587635700827	9.310702492157599e-51	1095502.3998184227
1.031773860819669	2999.994562704934	2916.7955933661146	2.0349147546611588e-50	1095504.062664444
1.0398399643624407	2999.9926591666604	2915.612340569635	6.09947743056219e-50	1095506.9038203936
1.0479060679052123	2999.9907337205987	2915.2491152128414	1.5045397323332243e-49	1095509.7777384734
1.0559721714479842	2999.988794454033	2915.405278571908	3.2392677748457426e-49	1095512.6723301522
1.064038274990756	2999.9868549358794	2915.571689263818	6.308270023953588e-49	1095515.5673125195
1.0721043785335278	2999.9849204402344	2915.5500836004776	1.13734040281914e-48	1095518.4548016523
1.0875677271973574	2999.9812121622326	2915.49813188807	2.9972283251969214e-48	1095523.9899341457
1.1030310758611872	2999.977503653151	2915.4553760893245	6.764512377029772e-48	1095529.525465434
1.118494424525017	2999.9737936440392	2915.470054631637	1.3646891958029773e-47	1095535.063292466
1.1339577731888466	2999.9700835616227	2915.4893060639283	2.528877134780794e-47	1095540.6012825097
1.1939009160614786	2999.9557042414713	2915.4780575812	1.6335077071599232e-46	1095562.065598887
1.2538440589341104	2999.941325748942	2915.458809812889	6.383872844707357e-46	1095583.529480542
1.3137872018067425	2999.926947719109	2915.444700418841	1.869700527960736e-45	1095604.993472953
1.6822850162532506	2999.8385217620876	2915.374166431372	9.677731260985329e-44	1094697.8356084134
2.0507828306997586	2999.750093596171	2915.292453411845	8.718365663901279e-43	1094829.5204206377
2.419280645146267	2999.6616806057505	2915.2090160420207	4.0308728335982847e-42	1094961.2128576003
4.94297525955699	2999.0568054681576	2914.6411836356137	7.357064703071733e-40	1095862.9935655997
7.466669873967712	2998.45296181397	2914.074220188003	9.153380066741546e-39	1096765.7480753076
9.990364488378432	2997.849829720802	2913.5208403842203	4.904112544520835e-38	1096624.290850574
13.652438576749873	2996.975818310181	2912.7132820745474	2.7938870473040954e-37	1096885.322311514
17.314512665121313	2996.10355907953	2911.8942841058924	1.0187216442880332e-36	1098197.588583652
20.976586753492754	2995.2330059753385	2911.0898298531765	2.8534802125633086e-36	1098454.1400475837
24.63866084186419	2994.364368792714	2910.274237478668	6.713795177097585e-36	1099768.1178063871
42.27892305566925	2990.203761350455	2906.4063355869594	1.1367848838056317e-34	1102902.4309401258
59.91918526947432	2986.082051832515	2902.574789467437	6.8809229967736285e-34	1106004.857654608
77.55944748327938	2981.997965046419	2898.7784317400346	2.5797050575012425e-33	1109071.3787096639
115.98775658295396	2973.230407291243	2890.6216617002624	1.991004761192317e-32	1116236.8562794053
154.41606568262853	2964.6347381310375	2882.625251237687	8.400986795714513e-32	1123259.8040247732
192.8443747823031	2956.2094371286116	2874.772857587931	2.547903212446714e-31	1131335.316394671
202.45145205722176	2954.128750025913	2872.8450263157692	3.244281423078807e-31	1132424.0151493626
212.0585293321404	2952.058145110369	2870.9113958660473	4.083381133480811e-31	1134723.6674874546
221.66560660705906	2949.997038618911	2869.0019603628357	5.08550136384107e-31	1135784.2547119076
231.27268388197768	2947.9458455543095	2867.0863994656515	6.272698829116541e-31	1138071.4485229899
249.9477858062026	2943.9860453491237	2863.4047789461247	9.201051860529811e-31	1141177.5307111533
268.6228877304275	2940.0642738412143	2859.74276537722	1.3114639631595078e-30	1145518.2040178059
287.2979896546524	2936.1783082131105	2856.1301935069264	1.8234514078435973e-30	1148550.064582
299.2316401589794	2933.7147166687605	2853.825014677851	2.22515168410877e-30	1151661.9242092601
311.1652906633064	2931.265367213343	2851.549545595249	2.6933190374801404e-30	1153453.57218321
323.09894116763337	2928.8294688858587	2849.2867740883103	3.235537787750572e-30	1155226.4678299516
345.03254412535694	2924.3882810898085	2845.150164282378	4.452576140379745e-30	1159341.1185828198
366.9661470830805	2919.9933190817715	2841.0567108378027	6.002036811510221e-30	1163412.2329891573
388.899750040804	2915.6469815710248	2836.991144485713	7.944491529253015e-30	1168821.328045947
414.1291292769928	2910.70235512033	2832.395753636441	1.0751206382026989e-29	1172627.0576936514
439.3585085131815	2905.8165167586844	2827.8375274889368	1.4276837763733476e-29	1177779.5104760225
464.5878877493703	2900.9890532611616	2823.3336988227547	1.8643067029283233e-29	1182880.7254164126
505.6432161353457	2893.2542541703283	2816.1197070232906	2.7891761789955864e-29	1190895.5754320663
515.9070482318397	2891.344130184254	2814.3334169596133	3.06796418508336e-29	1193253.2709883489
526.1708803283335	2889.4435229097826	2812.5559435579007	3.367865966754042e-29	1195605.3386401732
536.4347124248274	2887.5509485809644	2810.805514222703	3.6899432567759083e-29	1196418.1350709766
570.6969695604043	2881.296101721307	2804.9690056600953	4.940486930720618e-29	1203152.3647774481
604.9592266959812	2875.13649795905	2799.2214562060817	6.495230884614366e-29	1209788.40386288
639.2214838315581	2869.0704191593823	2793.5614439270394	8.401952773300956e-29	1216316.4567428476
738.9006418425585	2851.942434772907	2777.5457460730927	1.644606292960419e-28	1237488.4779196868
838.5797998535587	2835.536377696514	2762.227677374251	2.93603598298353e-28	1256112.327196725
938.2589578645591	2819.8175885502833	2747.5055354314227	4.882856327174341e-28	1277577.719006203
946.7148220334371	2818.5146452445124	2746.2909670967424	5.084120386316408e-28	1278903.882977247
955.1706862023151	2817.2160896016817	2745.0807911352213	5.291579309747697e-28	1280223.736007067
963.6265503711932	2815.9216848668952	2743.8744035847226	5.5053550592760955e-28	1281533.6833543223
972.0824145400712	2814.6313334180873	2742.671959091494	5.725572475402102e-28	1282834.26205194
1043.6365710863608	2803.89366423712	2732.602605525233	7.8657812371263565e-28	1298508.7556785422
1079.4136493595054	2798.641650172927	2727.677002216124	9.137714570893277e-28	1306219.604292075
1115.1907276326501	2793.4609048114553	2722.8460091365773	1.055789677116732e-27	1311726.0771776433
1150.967805905795	2788.3517308489363	2718.054552376515	1.2137287034818754e-27	1319238.2446795967
1163.4395314312108	2786.58760679298	2716.3987618404435	1.272732945512283e-27	1321934.8119184827
1175.9112569566266	2784.8322482803565	2714.7512109726085	1.3338567648281862e-27	1324620.7479298306
1188.3829824820425	2783.0855851876568	2713.1117879876806	1.3971488021995327e-27	1327295.8891012317
1250.7416101091214	2774.4782696049424	2705.032694747571	1.7478559793924818e-27	1340512.482676245
1266.3312670158914	2772.3597998327186	2703.0366173910456	1.844934830050362e-27	1344342.8787072368
1281.9209239226611	2770.2526023669307	2701.0815296705127	1.945950597815407e-27	1345863.4651067036
1297.5105808294309	2768.1577103496074	2699.1076155805613	2.0510290862821053e-27	1349664.104096358
1351.0015840428557	2761.064369098352	2692.4404714231227	2.4438577759794956e-27	1361274.6853572554
1404.4925872562806	2754.113649498163	2685.9069709967107	2.8899374245886786e-27	1372695.2079865918
1417.8653380596368	2752.397947848691	2684.2943092295777	3.0102877908545467e-27	1375518.0728555294
1431.238088862993	2750.690731401381	2682.6895635100987	3.1343075005734678e-27	1378328.1976974383
1444.6108396663492	2748.991920426339	2681.0926859448955	3.262066092218737e-27	1381128.0329411936
1556.721811654268	2735.068908441343	2667.9919324694742	4.489920330171088e-27	1405100.2682926795
1668.832783642187	2721.6923534966345	2655.405071626438	6.028301897435758e-27	1428227.3639163636
1682.8466551406768	2720.057884796388	2653.867194916022	6.244643195288664e-27	1431051.6089284627
1689.8535908899219	2719.243034142675	2653.1192512341468	6.3548890026753545e-27	1431077.5194437536
1696.8605266391667	2718.4303454382116	2652.335948279842	6.466590368468382e-27	1433864.0088839524
1703.8674623884115	2717.619272739687	2651.591527908912	6.579681579436685e-27	1433877.311802748
1720.4218342408944	2715.714064006817	2649.792373272819	6.852677172604393e-27	1437661.6004623761
1736.9762060933774	2713.820036128732	2648.0035589914546	7.133889307778345e-27	1441430.943802762
1767.7030404407558	2710.329337484775	2644.712125716997	7.678083788972734e-27	1447991.6945544586
1775.3847490276003	2709.462442421109	2643.875150609859	7.818781100555296e-27	1451055.6174855963
1783.0664576144447	2708.5974845683854	2643.0790319858706	7.961305122454063e-27	1451249.863610429
1790.7481662012892	2707.7351155948777	2642.246288354038	8.105771858382677e-27	1454316.916951732
1830.3314514212864	2703.343828339526	2638.122492718932	8.880741561116812e-27	1461340.5876487778
1869.9147366412835	2699.0132422745965	2634.015840162376	9.708690320137641e-27	1471186.7336737223
1971.9593655274273	2688.0703475379732	2623.712570370911	1.2100582948714485e-26	1490763.5940313672
1978.3371548328112	2687.3978647020576	2623.0607610904963	1.2263058572482982e-26	1493321.6420670492
1984.714944138195	2686.72709297903	2622.410288446493	1.2427142917223541e-26	1495880.20612338
1991.092733443579	2686.057353331301	2621.8039150251693	1.2592729606051409e-26	1495324.1050980731
2008.5513964831537	2684.233867875561	2620.0790150264083	1.305435018640242e-26	1499186.7736529012
2026.0100595227282	2682.4207574422458	2618.3636274699957	1.3528151785177828e-26	1503035.0087684896
2054.9718377099216	2679.4351039545795	2615.5094116578957	1.434171332119036e-26	1511491.454746374
2083.9336158971146	2676.4758591772593	2612.7244973282473	1.5190128143626177e-26	1516715.8172026621
2112.895394084308	2673.542145862012	2609.9640470585027	1.6074235630098662e-26	1521877.273799164
2162.392899606196	2668.5881479426557	2605.2840542485856	1.7670550104859084e-26	1531931.737805942
2211.890405128084	2663.7150670814794	2600.6332659760424	1.9379199221311507e-26	1545186.830830675
2261.3879106499717	2658.9176196447033	2596.1011950703382	2.120427339695377e-26	1554943.4581928286
2295.3752446263106	2655.665366268843	2593.0263368499495	2.2527224157958192e-26	1561751.360616359
2329.36257860265	2652.4458682171444	2589.982488607646	2.3908628047101136e-26	1568486.7497959295
2363.349912578989	2649.2627883763507	2586.922498153547	2.5350777416202446e-26	1578704.2693906438
2375.8046185032817	2648.104738107107	2585.8411971036653	2.5894556358103146e-26	1580172.693380016
2388.2593244275745	2646.9503411591404	2584.7638280411716	2.644658618088628e-26	1581620.7375465243
2400.7140303518668	2645.8010138980117	2583.6394062324234	2.7007330516494195e-26	1586679.4575735775
2404.415597180904	2645.4599004825186	2583.3571862582567	2.717540018849008e-26	1584554.3943616892
2408.117164009941	2645.119314565488	2583.0243689414356	2.734440035378019e-26	1586054.1453273112
2419.0601694064853	2644.1166073473855	2582.042822923915	2.7848687260702245e-26	1590493.0063335109
2430.003174803029	2643.1164661935914	2581.116025336543	2.8359357940037104e-26	1591278.108312363
2436.1116995930274	2642.559613312298	2580.5708950490184	2.864746879681623e-26	1593756.1612923136
2442.2202243830257	2642.0041955112138	2580.0267736770093	2.8937754241301935e-26	1596241.5133125137
2449.8558803705237	2641.310697851005	2579.400283959282	2.930327942318503e-26	1595660.0278271483
2457.491536358021	2640.6192009040487	2578.723051189383	2.96723742713852e-26	1598758.0798079502
2462.966428326415	2640.123577331982	2578.2903775071677	2.993876676202534e-26	1597285.5231684549
2468.441320294809	2639.628948391795	2577.805996989431	3.0207093309302377e-26	1599510.2732987143
2476.392801165707	2638.912816756014	2577.1040624340176	3.060000428800643e-26	1602739.961162766
2484.344282036606	2638.1976044141297	2576.456522833562	3.0996250915633175e-26	1602245.618346348
2504.430037241997	2636.400435884816	2574.7485282709627	3.2014016856212723e-26	1606654.4308504984
2524.5157924473883	2634.613761604742	2573.0502606744585	3.3055615379764894e-26	1611046.2101471066
2588.973111022838	2628.9776822169865	2567.681982735515	3.6565453492270006e-26	1625667.9793345632
2653.4304295982884	2623.4456885409504	2562.4119397657328	4.033597456785511e-26	1640093.968729147
2838.34718961836	2608.0825823121836	2547.733950822687	5.269844643610107e-26	1683143.9158823232
3023.2639496384318	2593.4779205565146	2533.770125601556	6.756907091860035e-26	1724763.045876538
3208.180709658504	2579.602942415687	2520.4320348047786	8.523898309375382e-26	1769350.2602496988
3217.7684883808156	2578.9023595347344	2519.8012653930714	8.62363415987378e-26	1768618.3422984548
3227.3562671031273	2578.203548764738	2519.105159740692	8.724265063930367e-26	1772593.3959650025
3236.9440458254394	2577.5060678778227	2518.4761315792184	8.825637319153933e-26	1771844.1801411987
3246.531824547751	2576.8103516889882	2517.785626997736	8.927920867498477e-26	1775823.8590659774
3259.68301561518	2575.859960734607	2516.8318923422407	9.069658383627408e-26	1781286.7915282287
3272.834206682609	2574.9126119343696	2515.9574036827053	9.212912841883137e-26	1781972.4882684662
3285.985397750038	2573.9691272908517	2515.012717337267	9.357890889131148e-26	1787437.004446049
3293.94955351953	2573.398897569335	2514.515955274174	9.446364740440008e-26	1785933.0120437627
3301.9137092890223	2572.830269516401	2513.946479520466	9.535534108913205e-26	1789244.2326988115
3311.614747625534	2572.1400318973165	2513.2543880670964	9.645008574012311e-26	1793276.4892062526
3321.315785962046	2571.450617277062	2512.638711232169	9.755242958463393e-26	1792453.9178365122
3324.0840279371514	2571.2540972108827	2512.4419093199713	9.786883679803369e-26	1793607.0896164712
3326.852269912257	2571.0577794674277	2512.244948850918	9.818601384778898e-26	1794760.230327995
3340.6934797877843	2570.0805703238393	2511.26431036658	9.978405020776285e-26	1800517.2838929738
3354.5346896633114	2569.105909303783	2510.3626483138996	1.0139919542300629e-25	1801375.2808540536
3362.01788490952	2568.5804038764377	2509.835107785621	1.0228073187988946e-25	1804494.569450217
3369.501080155729	2568.0550813259442	2509.3844528529585	1.0316632362829687e-25	1802687.7566614067
3378.166968820046	2567.4484025737493	2508.775623319949	1.0419995507691532e-25	1806290.610459678
3386.832857484362	2566.8436095997454	2508.1677964310043	1.052413503477126e-25	1809902.5479713005
3392.24903789956	2566.4664310869857	2507.788572895078	1.0589613129549375e-25	1812163.6984032765
3397.6652183147576	2566.08909959741	2507.4869947221155	1.0655246274173482e-25	1809455.6192727778
3410.306940210965	2565.2117647128844	2506.6056028450935	1.0809850033335575e-25	1814715.3198590574
3422.948662107172	2564.3362518190856	2505.8034962336774	1.0965890234397227e-25	1814994.6175791402
3450.645705456494	2562.430316283397	2503.9651515285937	1.13135656164816e-25	1821499.5040321324
3478.342748805816	2560.5377457391896	2502.1392720196677	1.1669064969350086e-25	1827974.0591154916
3484.9294337271003	2560.0890725997006	2501.687191880575	1.1754787658413917e-25	1830728.116976173
3491.516118648385	2559.641519937298	2501.2359105361525	1.184098658401842e-25	1833481.740039956
3499.749474799991	2559.0837000476254	2500.673262546156	1.1949411438841776e-25	1836922.8317798567
3507.982830951596	2558.526158763297	2500.192239123779	1.2058371590684507e-25	1835238.7263726282
3512.6093734367687	2558.213329690578	2499.87708890343	1.2119969661153697e-25	1837173.2014318078
3517.2359159219413	2557.901014068955	2499.5618612319768	1.2181804311098987e-25	1839110.3344969267
3523.019094028407	2557.5114059722096	2499.1685718644667	1.225943514370489e-25	1841531.3339164653
3528.8022721348725	2557.122604500426	2498.775969570379	1.233743918373693e-25	1843952.2798811055
3536.031244767955	2556.6366920397923	2498.3674415478154	1.243528375174822e-25	1841810.6483914452
3543.2602174010367	2556.1515235355264	2497.8784809525264	1.2533781645600761e-25	1844831.6916267725
3550.489190034119	2555.667458769893	2497.389030872056	1.263285656440275e-25	1847863.9654515842
3622.77891636494	2550.900137488326	2492.819863809095	1.365513574026907e-25	1862269.8771919967
3695.0686426957614	2546.221645491715	2488.2495978819525	1.4735970326340746e-25	1881747.428135003
3837.1643336778184	2537.2310672878994	2479.5506381020537	1.7035282919639787e-25	1913971.002712842
3979.2600246598754	2528.5406237445613	2471.0416776888724	1.9581720854983206e-25	1951179.2283218214
4121.355715641933	2520.132784278541	2462.893828415324	2.238926096237855e-25	1981886.7049858992
4192.954028694646	2516.002553654862	2458.838033858365	2.3908354649071593e-25	2000182.4585588237
4197.428923260441	2515.7468257839596	2458.57296536984	2.4005737483263093e-25	2002089.5815895293
4201.903817826234	2515.4914640519223	2458.308374086412	2.4103422795121814e-25	2004002.0383403003
4206.378712392029	2515.236479053035	2458.0441960477096	2.420141247283608e-25	2005914.5078370403
4228.753185221001	2513.966775579265	2456.83641977603	2.469542130254081e-25	2009252.820119512
4251.127658049973	2512.7057474744147	2455.528091852778	2.519727958175717e-25	2018794.3059361142
4342.093184235009	2507.668636960465	2450.623560938003	2.7314330124252595e-25	2038489.518793425
4353.4638750081385	2507.0427066235675	2449.9711358850795	2.758749614847118e-25	2043357.1127420443
4364.834565781268	2506.4175415255118	2449.4332023079783	2.7862127366688716e-25	2041808.3664933436
4367.529014718867	2506.269539018714	2449.279387206073	2.792755401880771e-25	2042964.21021602
4370.223463656466	2506.121667487811	2449.12505386357	2.7993098189244866e-25	2044120.0442644437
4373.5915248284655	2505.9370242545265	2448.9323729823127	2.8075196384247862e-25	2045564.726740196
4376.959586000465	2505.7525819729617	2448.7398543033105	2.8157479568211706e-25	2047009.4201342755
4381.169662465463	2505.522333903533	2448.4994528868247	2.82605970421806e-25	2048815.1201876793
4385.379738930463	2505.2923983890573	2448.259298953676	2.8364004642315233e-25	2050620.838114358
4395.904930092959	2504.717622828895	2447.774320732947	2.8623231309284464e-25	2048662.3234472596
4406.430121255456	2504.144156512125	2447.176545306219	2.888446504785936e-25	2053166.7133160855
4416.955312417952	2503.5724421528316	2446.5786176460942	2.914749155422756e-25	2057672.669841491
4423.533556894513	2503.216259207812	2446.2061815522266	2.9312836312691134e-25	2060487.657271715
4430.111801371074	2502.8608888493277	2445.8343390627165	2.9478909827251994e-25	2063302.1731457962
4434.223204168924	2502.6384718633244	2445.718452243698	2.9582605137167936e-25	2058520.5590600919
4438.334606966774	2502.416260846964	2445.4877134650455	2.968688944561444e-25	2060275.8930122599
4446.218495557085	2501.991124793795	2445.042811800479	2.9887670689260223e-25	2063640.6642850847
4454.102384147396	2501.5670445198266	2444.5989696677425	3.0089493016488902e-25	2067005.583204437
4463.957244885285	2501.0385568205147	2444.045471551536	3.034325959236048e-25	2071210.846031064
4473.812105623174	2500.5102080267425	2443.611341714383	3.0597999204673393e-25	2068816.2530350718
4492.1883279352205	2499.529909052569	2442.5848408835363	3.1078080333088847e-25	2076645.1414773972
4510.564550247268	2498.5523886303604	2441.6803613868906	3.156293497429709e-25	2077844.124707882
4527.242163979614	2497.6695731103086	2440.7543055182755	3.200820516228507e-25	2084950.755059274
4543.919777711961	2496.7888125798295	2439.9517253384574	3.2457331587467204e-25	2085357.1791299805
4547.696412098373	2496.589640024418	2439.7430625622455	3.2559727884727523e-25	2086965.0875900511
4551.473046484785	2496.3907106437	2439.534077557191	3.266237268083937e-25	2088572.9496992265
4570.356218416848	2495.4012267152743	2438.4939231484673	3.317958764496083e-25	2096598.8754795673
4579.797804382879	2494.9066861764945	2438.0979526582855	3.343973919901336e-25	2093850.5646619804
4589.23939034891	2494.4134191613234	2437.580034505038	3.3701796375368033e-25	2097858.4274109052
4593.624193907602	2494.1846966653393	2437.3393303265084	3.3824013741421824e-25	2099720.886153995
4598.008997466294	2493.9562950008403	2437.0989661425738	3.394657347856942e-25	2101583.2896020915
4619.933015259756	2492.817797340046	2436.026435702961	3.4563635979444796e-25	2104060.4612054117
4641.857033053217	2491.6863807147706	2434.8347703662043	3.518956120028455e-25	2113333.7703291834
4723.84542703781	2487.5236446345084	2430.6991067098124	3.7605045366187495e-25	2133898.7547165626
4764.839624030106	2485.4632824442224	2428.6512786830467	3.885572873251719e-25	2144102.371716429
4769.963898654143	2485.2064871398657	2428.379157466175	3.9014145794067056e-25	2146267.5938172545
4775.08817327818	2484.949374413472	2428.239954749451	3.917237898908925e-25	2141345.5571760302
4793.257150900326	2484.0418311350045	2427.2796468256192	3.9739224297725284e-25	2148991.6703344365
4811.426128522473	2483.136421287176	2426.4546124648223	4.031107416814023e-25	2149512.647649593
4827.148972724264	2482.3563416885827	2425.627455518518	4.081132477612408e-25	2156116.2990905317
4835.010394825159	2481.967349894516	2425.214245736358	4.106317484371119e-25	2159421.0441998993
4842.871816926055	2481.5792992104825	2424.8018488272714	4.1316228315187275e-25	2162725.6062962753
4921.486037935005	2477.753029239463	2421.0098094066884	4.39108173272736e-25	2180986.719990016
5000.100258943954	2473.986046963069	2417.2779543747292	4.662007843613952e-25	2198858.157199354
5005.857805300861	2473.7112328281887	2416.9843481448643	4.682299451567264e-25	2201256.791792697
5011.615351657769	2473.4369775743003	2416.6908651949607	4.702660899479116e-25	2203654.5593195055
5018.812284603903	2473.093813843198	2416.470093652296	4.728113426669006e-25	2199172.7051466564
5026.009217550038	2472.7512158144914	2416.1052051666543	4.753727231010236e-25	2202161.911932585
5050.500477717557	2471.5926687242995	2414.864458676288	4.841741002520448e-25	2212342.2553890604
5074.991737885077	2470.4386414900205	2413.7769064191903	4.930815484374547e-25	2214978.9160802905
5084.913207752468	2469.9725699197656	2413.277327830913	4.967260367165494e-25	2219105.72968382
5094.83467761986	2469.507853632659	2412.7782778473243	5.003913620508903e-25	2223232.3754560477
5194.049376293774	2464.9300974349453	2408.3183695571283	5.381208079968194e-25	2241067.237730828
5293.2640749676875	2460.441433473961	2403.7941772560616	5.778673223197347e-25	2266006.179046232
5299.881778146658	2460.1434344140234	2403.47186284893	5.805891410107479e-25	2268727.319823289
5306.499481325628	2459.846121727247	2403.1499142424896	5.833211910402764e-25	2271447.187991161
5372.676513115334	2456.9012263294435	2400.2884274648472	6.111421749596731e-25	2282533.6591689033
5380.948642089047	2456.5343848318207	2399.890560239948	6.146848914860173e-25	2285930.5056840065
5389.220771062761	2456.1684554844387	2399.4929435493227	6.182436706075363e-25	2289326.659292169
5394.390851671332	2455.9401168461927	2399.244706885028	6.204758405351562e-25	2291449.8017705786
5399.560932279903	2455.712113086981	2398.9967095182087	6.227142940946138e-25	2293572.8605841002
5406.023533040617	2455.427606226224	2398.687077130417	6.255213048377193e-25	2296226.298760592
5412.486133801331	2455.1426754809877	2398.5454534747073	6.283250367233739e-25	2290755.5383273736
5422.618696946253	2454.696912431932	2398.062735493762	6.327538087262052e-25	2294903.84714002
5432.751260091175	2454.252355587966	2397.5787409811423	6.372066394015476e-25	2299052.48071397
5534.076891540395	2449.8827403998985	2393.1595300366835	6.830475043344219e-25	2323682.7740317103
5540.40974350597	2449.610779442507	2392.862227629864	6.85986484023338e-25	2326264.504241316
5546.742595471546	2449.3393925096166	2392.565046654741	6.889355823824924e-25	2328845.1676126895
5554.658660428515	2448.999757173573	2392.370723235587	6.926202493557452e-25	2323710.7238052734
5562.574725385484	2448.660688090199	2392.001608227333	6.963292971337528e-25	2326927.6191791217
5565.6170828110435	2448.5304992459955	2391.8589446092774	6.977586349548268e-25	2328164.611446142
5568.659440236603	2448.400420821029	2391.7165716034156	6.9919026473508285e-25	2329401.5657465328
5583.8712273644	2447.7523780454167	2391.006658160284	7.063853717314832e-25	2335578.97042219
5599.083014492196	2447.104795600835	2390.477288149271	7.136159498296429e-25	2333335.6317938073
5621.963963943283	2446.135920244462	2389.4161001469647	7.246157286368547e-25	2342597.1465016026
5644.8449133943695	2445.172870633137	2388.35775124587	7.357466162722534e-25	2351859.202715487
5658.842775886519	2444.5841478688226	2387.8946385092063	7.425977328415878e-25	2348997.4802646465
5672.840638378669	2443.997378248189	2387.25125795241	7.495079207428709e-25	2354677.0332876546
5694.006661203245	2443.1148225059083	2386.277878401571	7.60053763618308e-25	2363259.404449782
5715.172684027822	2442.2342284583924	2385.495366177615	7.706860431589668e-25	2363216.7847435856
5730.604139904409	2441.594674716285	2384.7902844667124	7.7851564330326305e-25	2369461.0843808227
5746.035595780996	2440.955548474918	2384.274543424349	7.863823282012327e-25	2367037.6387228463
5748.86587106952	2440.838415661109	2384.14632655879	7.878331007096304e-25	2368181.313290671
5751.696146358043	2440.7213710105816	2384.017064637409	7.892859431500449e-25	2369324.9753399813
5765.847522800661	2440.1380704727876	2383.3728699638987	7.965839828293932e-25	2375037.0768057355
5779.998899243279	2439.556913164399	2382.730088310897	8.039344652916701e-25	2380749.3010759098
5797.688119796551	2438.8312684836765	2382.1204258547787	8.131702896087187e-25	2379133.4572492423
5815.3773403498235	2438.1086159877227	2381.3219956735484	8.224986651758101e-25	2386252.6698808046
5821.902672250685	2437.8425966776067	2381.0269748008477	8.259595599271843e-25	2388881.667153872
5828.428004151547	2437.577050066023	2380.732526068264	8.294318874156655e-25	2391510.435972095
5832.506336589584	2437.4112798754445	2380.5486115447547	8.31607732839031e-25	2393153.7352199736
5836.584669027621	2437.245690410195	2380.364815631989	8.337880509364571e-25	2394796.977197052
5877.367993407998	2435.599259376292	2378.735505574368	8.558112120364837e-25	2402289.385766731
5882.465908955544	2435.3938730250484	2378.5075223212884	8.58593601783921e-25	2404338.118886037
5887.5638245030905	2435.1887824374953	2378.279308045139	8.613831212310946e-25	2406386.577408154
5913.053402240822	2434.165750288615	2377.3430579675755	8.754082909374531e-25	2407658.469378046
5938.542979978553	2433.148800877388	2376.2109348370777	8.896206881851682e-25	2417855.0820998806
5943.148184241436	2432.965424829399	2376.006253485821	8.922059162203554e-25	2419700.863944951
5947.7533885043185	2432.7816398686177	2376.003598495568	8.947787889815013e-25	2412523.8254661746
5960.873349089269	2432.2594015568297	2375.4255389459895	9.021803725060681e-25	2417763.852396285
5973.99330967422	2431.7388618187183	2374.844499318466	9.096293644347501e-25	2423004.272398424
5982.193285039814	2431.414270653644	2374.4820342985345	9.143086753578083e-25	2426280.893543198
5990.393260405409	2431.0903744908824	2374.1200200931185	9.190068531403189e-25	2429557.29025344
6010.893198819395	2430.28166995172	2373.424505144166	9.30804315060668e-25	2428639.522471028
6031.393137233383	2429.4767309654176	2372.5244456178784	9.427313561613188e-25	2436834.866359785
6045.893531031874	2428.909565929369	2371.8882465232346	9.512380385276415e-25	2442634.9737945497
6060.393924830365	2428.3425145630317	2371.4646689809265	9.59774747281323e-25	2439226.831949319
6070.424279771692	2427.9511392399	2371.0271235963687	9.657231050262937e-25	2443229.706660382
6080.454634713021	2427.560744732686	2370.58881359279	9.717001388280671e-25	2447232.6138185547
6130.606409419661	2425.6235375169786	2368.6278212610573	1.0019871337741755e-24	2457880.12529906
6180.7581841263	2423.7023653360975	2366.6840029493324	1.032942934822027e-24	2468395.187353537
6304.065597091023	2419.072079839927	2361.8985525207513	1.1121034148812177e-24	2497812.450683602
6427.373010055746	2414.523235726514	2357.4291561346404	1.195396816154892e-24	2516983.972652137
6653.034141996743	2406.419190821869	2348.866996016801	1.3593747007111165e-24	2575050.767176585
6878.695273937738	2398.594457009739	2340.8314964564947	1.5388729101258602e-24	2621052.4363328177
7104.356405878735	2391.033444488919	2333.080668511194	1.734718098292983e-24	2664724.957917708
7576.873589089156	2376.005549847177	2317.2446536839725	2.2020050898345297e-24	2764621.756252975
8049.390772299577	2361.967111133001	2302.4268871649474	2.7535127148329973e-24	2855742.6688088193
8521.907955509998	2348.8262450274337	2288.12410144371	3.398478645164171e-24	2950975.394753969
8821.20790183363	2340.9224945717283	2279.5922889618478	3.859380873121409e-24	3004406.1959838136
9120.50784815726	2333.328498268659	2270.8463174161125	4.364369383681208e-24	3068586.786706007
9419.807794480892	2326.0309956114056	2262.3316782739053	4.9162645609745764e-24	3130273.2309318115
9937.395615382075	2314.0044178400854	2248.741793958784	5.98686130046882e-24	3217797.8938013813
10454.983436283257	2302.6950138077177	2235.1002404965175	7.218218028778261e-24	3312650.048771423
10972.571257184441	2292.0310533802635	2222.043782624317	8.624685174057542e-24	3399493.6015763828
11765.267484385018	2276.8095591568303	2202.291196451675	1.1153847555143176e-23	3529352.879238339
12557.963711585595	2262.851507108885	2181.824597338829	1.4197729549612364e-23	3660784.289638797
13350.659938786172	2250.011237279607	2161.799773556192	1.7825499321416888e-23	3774914.547130155
14236.425176406237	2236.8739834812873	2137.5568012046474	2.2673945794294545e-23	3897242.5396019067
14905.534012196671	2227.784861461021	2116.1401734561136	2.6983397331180475e-23	3987154.1151270843
14912.198576868075	2227.6979839655046	2115.6773263733908	2.702948099892763e-23	3988984.8092249604
14918.86314153948	2227.611247495929	2115.1669363136252	2.707565356331657e-23	3990813.8078943575
14925.527706210883	2227.5246609241512	2114.6675321916573	2.712191382147514e-23	3992640.897338689
14992.173352924923	2226.6727295460228	2109.460125604928	2.7590668329572183e-23	4010682.79692553
15006.895529499512	2226.4856881619703	2108.250693916269	2.7695202578339586e-23	4014660.322220638
15021.617706074101	2226.2995032191147	2107.013435507847	2.780020325991239e-23	4018625.4255102994
15030.22030919538	2226.191021284162	2106.279127417077	2.7861754641437383e-23	4020938.409339017
15038.822912316658	2226.082822579849	2105.536362946279	2.792346456897616e-23	4023247.3160633943
15039.020268560389	2226.080341485071	2105.5192578520437	2.792488161444392e-23	4023300.2849306343
15039.217624804121	2226.077860693143	2105.5021301422257	2.792629878130166e-23	4023353.2483254448
15039.426835087294	2226.0750111169327	2107.481581023893	2.7926457052245133e-23	3997899.1601928226
15039.636045370466	2226.0721742198443	2109.1847790380657	2.792790219385354e-23	3997959.108036242
15040.116514893283	2226.0657991920725	2111.301455915623	2.793125991076879e-23	3998093.8070847397
15040.596984416103	2226.0595120646617	2112.3156077073213	2.793464211503396e-23	3998226.6429503737
15041.306966197297	2226.0502899765916	2112.96846809908	2.793965923165785e-23	3998421.4914655373
15042.016947978493	2226.041111183359	2113.096191573944	2.7944688826086566e-23	3998615.4331259304
15042.726929759687	2226.031946658314	2113.0658515755426	2.794972288751536e-23	3998809.085388998
15044.884509071338	2226.004117413992	2112.908451242184	2.796502988073563e-23	3999397.218295018
15047.042088382988	2225.976304829335	2112.7440724012476	2.798034635994486e-23	3999985.1272791154
15068.617881499496	2225.699575413494	2111.089490908111	2.813415079829488e-23	4005841.5603930084
15090.193674616005	2225.4244568609824	2109.3924474990745	2.8288899336828264e-23	4011676.5216695624
15213.178248296868	2223.904777625453	2098.8859878447183	2.9193989350307545e-23	4044131.0933012147
15221.685853866253	2223.8004212455135	2098.0854464271324	2.925749255103293e-23	4046374.298429335
15222.111724393584	2223.7952040369873	2098.044732632221	2.9260675468659203e-23	4046486.4939159015
15222.28035814744	2223.7929394906905	2099.864201060648	2.926051603547974e-23	4020703.0296235555
15222.448991901296	2223.7906783988183	2101.538030641411	2.92617197907654e-23	4020751.159839346
15222.933008824904	2223.7843537672234	2104.225289542914	2.926522288432423e-23	4020885.768658419
15223.417025748513	2223.778136835172	2105.558009351632	2.926875744556494e-23	4021018.076100283
15224.108872792734	2223.7693331588252	2106.433037546102	2.9273834123730943e-23	4021205.433004177
15224.800719836958	2223.760582911779	2106.653328947753	2.9278926815768026e-23	4021391.657863594
15225.49256688118	2223.7518520171434	2106.6505468919227	2.928402564103755e-23	4021577.4809128474
15227.259667222112	2223.729572768965	2106.5206935863926	2.9297057285956155e-23	4022051.714124442
15229.026767563044	2223.70730597496	2106.375236001799	2.931009594257637e-23	4022525.764768175
15246.090732765746	2223.493190290155	2104.9682367690843	2.943643089705599e-23	4027088.339659005
15263.154697968448	2223.280114897246	2103.5318900033158	2.9563390549826383e-23	4031636.3568466795
15380.24286843703	2221.863270103668	2092.8446929971133	3.045640887115937e-23	4062068.402692202
15387.53637211629	2221.7756408718305	2092.112309691523	3.051278666524236e-23	4063961.952757352
15394.82987579555	2221.688293393102	2091.367695135885	3.0569310487697844e-23	4065850.6910155276
15404.101606431688	2221.577609815354	2090.41372493804	3.0641363077502777e-23	4068245.877384706
15407.719295105653	2221.534490589569	2090.036681328911	3.06695260847575e-23	4069179.543434148
15409.205817659358	2221.516785008026	2089.879455559632	3.068110673890134e-23	4069563.016702314
15409.544291599215	2221.5127544010984	2089.8432303755353	3.068374424283277e-23	4069650.320428755
15409.697820652396	2221.5109262904452	2089.826822216532	3.068494068157942e-23	4069689.9185707932
15409.851349705577	2221.50889719718	2091.6768291697344	3.068462870933071e-23	4043580.042500019
15409.986746387867	2221.5070879434816	2093.427492937582	3.068562374819445e-23	4043618.837608678
15410.122143070157	2221.505305635808	2094.842819858766	3.0686627019942805e-23	4043657.0515787383
15410.257539752447	2221.5035500471295	2095.9332961942146	3.068763845598304e-23	4043694.689278483
15411.064084527052	2221.4933210449453	2099.548438628749	3.069373366364554e-23	4043913.96317616
15411.699706277073	2221.4854628230255	2099.8886970084122	3.069859959269923e-23	4044082.3971183416
15412.335328027093	2221.477640257642	2099.7975356634684	3.070347685128849e-23	4044250.071749113
15412.970949777115	2221.469819585287	2099.6996686691605	3.0708355144169236e-23	4044417.716005676
15419.327167277324	2221.391710543203	2099.1623633675645	3.0757191401099513e-23	4046092.6208122484
15425.683384777532	2221.3137517176783	2098.604728049046	3.080611952294552e-23	4047765.326113081
15479.293794670206	2220.6657218106434	2093.6415415185697	3.12234658193459e-23	4061708.3599745864
15532.904204562878	2220.028961910865	2088.2648830511507	3.164771505184214e-23	4075508.619382358
15593.553755771605	2219.3206388205863	2081.547533639194	3.2135748810647834e-23	4091007.2147559747
15598.734218468915	2219.260736077142	2080.9411207122553	3.217784011512314e-23	4092321.9213664806
15601.874700785376	2219.2244745139215	2080.5701430738845	3.2203389964103645e-23	4093118.0689136125
15602.102937963398	2219.2216080645703	2082.701394189589	3.2203634449816205e-23	4066699.9150537127
15602.331175141418	2219.2186721617522	2085.320970494317	3.2205395289972313e-23	4066763.7307755076
15602.55941231944	2219.21576325781	2087.482616581117	3.220716484744976e-23	4066826.9571553897
15602.964432875468	2219.210738538278	2089.5650702801636	3.221034922412966e-23	4066936.1543514654
15603.369453431496	2219.205787467384	2090.7166623152966	3.221355741961565e-23	4067043.743824455
15603.932577751362	2219.198961739836	2091.5900978168515	3.221803691314821e-23	4067192.0684575955
15604.49570207123	2219.192178614235	2091.9358204645546	3.2222530453108993e-23	4067339.4686211557
15605.058826391096	2219.1854162145896	2092.0331710405594	3.2227031019631607e-23	4067486.42309751
15606.41718994891	2219.169134442425	2091.9745745633327	3.2237898484747574e-23	4067840.2719481094
15607.775553506724	2219.1528650084633	2091.8518626294012	3.224877209071515e-23	4068193.8971207733
15614.22434882907	2219.075774583535	2091.2193082818894	3.2300470320534766e-23	4069870.104244388
15620.673144151417	2218.998847003634	2090.580127646786	3.235227042963727e-23	4071543.784955105
15685.161097374872	2218.2442046160913	2083.8838555054717	3.287763049096772e-23	4088014.7175720846
15749.649050598327	2217.5072554424028	2076.4504065974265	3.3413998077418117e-23	4104193.936647757
15794.044800189871	2217.0084333777577	2070.798854135321	3.378926458445148e-23	4115198.925459419
15799.388663853308	2216.94884189303	2070.0848997353364	3.3834765290417174e-23	4116516.544084259
15800.302168017073	2216.9386658800963	2069.9619271508623	3.384255092168401e-23	4116741.6065291567
15800.703767744912	2216.934193492194	2069.9078034991935	3.384597445764414e-23	4116840.5278149876
15801.105367472752	2216.9293035062615	2073.606304035781	3.3847618401298733e-23	4090134.018367135
15801.506967200592	2216.9243232797658	2077.6748354911856	3.3850870363072095e-23	4090243.054599833
15801.960217706774	2216.9188346176184	2080.34251804276	3.385458545259168e-23	4090363.206881167
15802.413468212955	2216.9134364303795	2081.8251160155787	3.385833138535601e-23	4090481.3692137585
15802.95695156643	2216.9070254068592	2082.8143119315673	3.3862844304204627e-23	4090621.698366758
15803.500434919904	2216.900657714374	2083.2616265967167	3.386737224575453e-23	4090761.079093141
15804.043918273379	2216.894313554751	2083.4233858219345	3.387190851381707e-23	4090899.94792975
15805.26405538369	2216.8801064328118	2083.4118593951407	3.388210593556493e-23	4091210.95075563
15806.484192494001	2216.8659130974384	2083.30409530403	3.3892309865405115e-23	4091521.685141074
15811.20255279992	2216.81111622556	2082.7962732247993	3.3931816302903293e-23	4092721.6696583987
15815.920913105838	2216.75641238735	2082.278160238949	3.397138200628316e-23	4093920.1317863446
15863.10451616502	2216.2176405891005	2076.9105478269357	3.437131840625006e-23	4105750.42428851
15910.288119224202	2215.688750793439	2071.089511175465	3.477753552450792e-23	4117412.362892784
15996.738400952065	2214.744453582481	2058.962251081127	3.5538285811370166e-23	4138354.6976315626
16001.600801956141	2214.692310562524	2058.2139708971486	3.5581724563252835e-23	4139515.6267501074
16004.006185490165	2214.666560052152	2057.839207503494	3.5603241465175405e-23	4140089.118406815
16005.397101858365	2214.651683827001	2057.6223493144203	3.561569237765054e-23	4140420.480188458
16006.260883416491	2214.6424507038046	2057.4876592129845	3.56234278387128e-23	4140626.16339409
16006.438377977582	2214.640319194591	2059.664692517065	3.562318665728082e-23	4113521.9466608125
16006.615872538672	2214.6381043041324	2062.511066451369	3.562466287397848e-23	4113570.8004918555
16006.79336709976	2214.6359016547904	2065.081838372646	3.562614349476043e-23	4113619.383336361
16007.112147173793	2214.6320692936556	2068.097145264664	3.562884689277334e-23	4113703.8945097504
16007.430927247826	2214.6283157566877	2070.100070711212	3.5631578550721394e-23	4113786.657121829
16007.924611436614	2214.6225890789633	2072.098149133267	3.5635840040945114e-23	4113912.916436997
16008.418295625404	2214.6169386778815	2073.1244674729364	3.564012907462285e-23	4114037.4868657733
16008.911979814193	2214.611332075469	2073.5986093602755	3.5644434061114926e-23	4114161.0898136036
16009.968209666364	2214.599409835528	2073.716452332022	3.565367164701739e-23	4114423.933094113
16011.024439518535	2214.5875052404926	2073.670318688192	3.5662916986838366e-23	4114686.4096062235
16012.080669370705	2214.575602165623	2073.669016313581	3.567216432264216e-23	4114948.877626962
16013.136899222876	2214.5637091789026	2073.6021903928886	3.568141671819497e-23	4115211.146701157
16015.997810968807	2214.5315344069813	2073.248882696308	3.5706498960291647e-23	4115920.7979423455
16018.858722714738	2214.499399271279	2072.862349731433	3.5731606085253785e-23	4116629.7525717905
16021.71963446067	2214.46729914876	2072.503463279288	3.575673646773277e-23	4117338.1128089977
16042.306639035567	2214.238065705357	2069.915375550935	3.593850568300546e-23	4122401.663639452
16062.893643610463	2214.010801340674	2067.225836155127	3.612155086538613e-23	4127430.6654968797
16139.381068772032	2213.192259872685	2056.343616718465	3.6815970175587915e-23	4145615.704832002
16215.868493933602	2212.40539626728	2043.6156391969018	3.753056801037937e-23	4163205.515982773
16219.5628785168	2212.3679102102687	2042.9447134722743	3.756550558262972e-23	4164046.216932
16221.306621156917	2212.350170216082	2042.6229053737782	3.758198729293847e-23	4164444.1745183193
16221.661619441491	2212.3465576035687	2042.556939388368	3.75853429542222e-23	4164525.2229071185
16221.914099044941	2212.343618699398	2045.9408687414546	3.758572221157572e-23	4137096.3487533526
16222.166578648392	2212.3405600525966	2050.2011721573513	3.7587924037337066e-23	4137164.2999612237
16222.419058251844	2212.3375344948963	2053.8329758168366	3.759013843452203e-23	4137231.51242192
16222.763918007797	2212.333542853378	2056.945868522818	3.759321641667602e-23	4137320.1656347224
16223.10877776375	2212.3296337218953	2058.9881161892768	3.7596325717019816e-23	4137406.9750267887
16223.594961801851	2212.3241991676055	2060.8785226018213	3.760073840186621e-23	4137527.6504567936
16224.081145839953	2212.318830704134	2061.919429946032	3.760517637444506e-23	4137646.851872475
16224.567329878055	2212.313502801026	2062.444746031459	3.760962999408871e-23	4137765.150559805
16225.664300933398	2212.301560154408	2062.6564019675766	3.761970954964448e-23	4138030.324824564
16226.761271988744	2212.2896434510985	2062.6050886933945	3.762980056892024e-23	4138294.9439203944
16227.85824304409	2212.277730678605	2062.5791195651104	3.76398947348951e-23	4138559.500561523
16228.955214099435	2212.265828176355	2062.495988539298	3.764999444740583e-23	4138823.852767627
16232.223066105382	2212.230421559463	2062.0454133797484	3.7680110303943247e-23	4139610.3682472683
16235.49091811133	2212.1950712784733	2061.548304092567	3.771026229682933e-23	4140395.8472469314
16238.758770117278	2212.1597718355065	2061.0788675827534	3.7740448394145653e-23	4141180.411990967
16262.196767782445	2211.9090944809127	2057.68124900494	3.7958318713249273e-23	4146757.919734837
16285.63476544761	2211.6612372187324	2054.1174206967285	3.817804796121153e-23	4152283.325074673
16353.577939867377	2210.9656860357186	2042.81173689066	3.882830395183296e-23	4167844.0007611793
16421.52111428714	2210.298033255315	2029.6271047868527	3.9496595561083873e-23	4182858.1604379844
16435.93521007066	2210.158962989682	2026.518741565829	3.9640360928107544e-23	4185995.37056471
16441.77108964892	2210.102803148574	2025.2164634285036	3.969872687414368e-23	4187263.2373827477
16444.48460142175	2210.07674984612	2024.602678832988	3.9725908404351094e-23	4187851.6034167
16447.198113194587	2210.0507476142457	2023.9846196972987	3.9753122435794626e-23	4188438.930124378
16447.44623925826	2210.048372552597	2023.9279532631922	3.975561255779291e-23	4188492.582608519
16447.694365321935	2210.0455672281796	2027.8741976778947	3.975592852009795e-23	4160713.3880538032
16447.94249138561	2210.0426158746723	2032.9208384103124	3.975818778156077e-23	4160779.430510658
16448.222800193682	2210.039354473494	2037.41483528119	3.976076931064963e-23	4160852.4006913486
16448.503109001755	2210.036176793447	2040.7724311225063	3.976338448273183e-23	4160923.485288129
16449.378713617585	2210.0265589647174	2047.2167648559412	3.9771677768565175e-23	4161138.592966523
16450.254318233416	2210.0172631319692	2049.426951837473	3.978010117572507e-23	4161346.4567863215
16451.12992284925	2210.0081010806234	2049.916967617771	3.978857932070122e-23	4161551.319437533
16452.2597678435	2209.996344150137	2049.7638622604773	3.979954706855993e-23	4161814.2132468047
16453.389612837756	2209.984591430464	2049.648128940292	3.981051838709186e-23	4162077.037163131
16454.519457832008	2209.972842455305	2049.574545298371	3.9821493090670274e-23	4162339.801682388
16455.64930282626	2209.9611062748563	2049.423011680063	3.983247481285152e-23	4162602.302617865
16458.6128850156	2209.930363472398	2048.9198271244277	3.9861305362505234e-23	4163290.031738973
16461.576467204934	2209.899670184169	2048.399312354869	3.9890168814707034e-23	4163976.814916315
16464.54004939427	2209.869023363777	2047.904312878734	3.991906398931218e-23	4164662.7201505387
16486.605328405534	2209.643304597808	2044.164233415495	4.013558853391867e-23	4169719.269368437
16508.6706074168	2209.420373533305	2040.2342080795243	4.035398312755912e-23	4174721.935162728
16568.402496230214	2208.836785855059	2028.6011872964464	4.0957070005538615e-23	4187856.791985597
16628.134385043628	2208.277284558063	2015.1068519889795	4.157600127955332e-23	4200503.327945332
16640.226082348563	2208.166113452037	2012.0883370449783	4.1702923038265374e-23	4203022.604612208
16652.3177796535	2208.055601873251	2008.9368971231315	4.183038454108841e-23	4205529.070202924
16664.40947695843	2207.946109453176	2005.6678357646322	4.195853534585139e-23	4208014.429825877
16683.96216340873	2207.7715804212653	2000.1351195303912	4.216738064287275e-23	4211980.083266302
16685.51049898122	2207.7578934529383	1999.680671443567	4.21840048696978e-23	4212291.2876887685
16686.27342906561	2207.7511576340503	1999.454985804108	4.21922014637474e-23	4212444.452739621
16686.70498483551	2207.7473497810433	1999.3271483653966	4.219683936178841e-23	4212531.042293143
16686.88457549028	2207.7453735114887	2002.9649776996291	4.219644954577027e-23	4184380.772385655
16687.06416614505	2207.7432441985097	2007.8820290229392	4.2198147339359334e-23	4184428.768320616
16687.24375679982	2207.741118313841	2012.529588524825	4.2199846633749555e-23	4184476.6872956203
16687.504932252457	2207.738151299652	2017.6036303416763	4.2202371101719174e-23	4184543.546297833
16687.766107705094	2207.73527280833	2021.4943602459139	4.2204933413325013e-23	4184608.396495393
16688.151088680443	2207.731132270238	2025.8611724862972	4.220875421425313e-23	4184701.663737146
16688.536069655787	2207.727094805334	2028.8512866903654	4.221261919555705e-23	4184792.593097987
16688.921050631136	2207.723132851361	2030.8340037643623	4.221651660970692e-23	4184881.8103661966
16690.079637897103	2207.7114838664593	2033.1683346194677	4.222836418546184e-23	4185144.0914334287
16691.23822516307	2207.6999806014005	2033.6335841137036	4.224027605108326e-23	4185403.0869706376
16692.396812429037	2207.6885012684784	2033.8784301143774	4.2252200258580986e-23	4185661.562992863
16693.555399695004	2207.677042047025	2033.960688125948	4.22641351850167e-23	4185919.6061624205
16697.423162800416	2207.638913277379	2033.349934337663	4.2304047415362974e-23	4186778.3520147093
16701.290925905832	2207.6008987829714	2032.4586752318592	4.2344032417588327e-23	4187634.7658358333
16705.158689011245	2207.5629716153308	2031.656080143877	4.238407879311019e-23	4188489.4582129824
16720.546524062654	2207.4135054727094	2028.5440830055088	4.2544244832242663e-23	4191859.949902781
16735.934359114064	2207.2655846524435	2025.2999811242962	4.270546361480858e-23	4195199.310945007
16785.804341598872	2206.8015995192472	2013.9297695765592	4.3237305071548976e-23	4205696.700272239
16835.674324083684	2206.356285023022	2000.91450036621	4.3781698012563026e-23	4215805.019992646
16893.40115549406	2205.862818969567	1983.0379415699556	4.442742687852068e-23	4227075.79759848
16902.58127412248	2205.7866458804983	1979.8467565905003	4.4531739892760555e-23	4228825.956732208
16911.761392750905	2205.711276561296	1976.5360323609177	4.463658180341519e-23	4230558.533355925
16920.941511379326	2205.6367553140817	1973.1243350926277	4.4741974804170465e-23	4232272.462519274
16933.549980819298	2205.5358397691266	1968.259559868878	4.488765479627485e-23	4234594.757329864
16937.670704826807	2205.503222739991	1966.623481904781	4.493550190394225e-23	4235345.669164786
16941.79142883432	2205.4707908141722	1964.9616357368789	4.4983468147338684e-23	4236092.472079309
16943.386514979436	2205.4582868419834	1964.3104993083202	4.500206755488863e-23	4236380.438699279
16944.981601124557	2205.445811072498	1963.6550418369509	4.5020685085996744e-23	4236667.778065286
16945.200294444825	2205.4441027863336	1963.564900651402	4.502323904415866e-23	4236707.124690242
16945.342261160225	2205.44258699345	1967.3657890482114	4.502238369612429e-23	4208188.670586852
16945.484227875626	2205.4408994460887	1972.6713045558274	4.5023777594199934e-23	4208227.246572208
16945.626194591026	2205.4391983704636	1977.9171430630815	4.5025165343476686e-23	4208266.134675559
16945.878166493945	2205.4363188193665	1985.3018981600985	4.502769218417879e-23	4208331.941610053
16946.13013839686	2205.433548446202	1991.1988870255334	4.5030268929594416e-23	4208395.235759341
16946.484494483222	2205.429775911688	1997.8068415699736	4.5033949215654225e-23	4208481.405834002
16946.838850569584	2205.4261304875836	2002.6770349999265	4.503768770098738e-23	4208564.651077444
16947.193206655946	2205.4225846094914	2006.1839153321014	4.504147181707305e-23	4208645.606083833
16948.840839049135	2205.4068741378906	2011.935491347275	4.5059423888012826e-23	4209004.160095945
16949.762673476802	2205.398228378403	2013.2228686179133	4.5069535708926307e-23	4209201.468250888
16950.684507904472	2205.3896290127495	2013.9370552620308	4.5079670185661063e-23	4209397.721564523
16951.606342332143	2205.3810738174657	2014.1217540290756	4.5089826315480146e-23	4209592.971037836
16952.528176759814	2205.3725474039506	2013.9939119961941	4.5099997077613114e-23	4209787.57102934
16954.5020651235	2205.3543210299545	2013.5805776951647	4.5121794457375185e-23	4210203.593981531
16956.47595348718	2205.3361300147953	2013.073101992545	4.5143614828117554e-23	4210618.864112046
16958.449841850867	2205.317966807981	2012.577923891953	4.516545475810163e-23	4211033.55512073
16978.188725487722	2205.1389285246883	2007.585419579232	4.538540806503403e-23	4215123.957436015
16997.927609124574	2204.962894239849	2002.3045432348833	4.560744763169581e-23	4219150.921405507
17041.009897041946	2204.5928660503323	1989.7321028647439	4.610113547047565e-23	4227631.408792479
17084.092184959318	2204.239698838067	1975.351793697674	4.660633215717074e-23	4235745.570108595
17134.33513138701	2203.8478545135777	1955.557562011158	4.72098261026506e-23	4244771.070414709
17184.57807781471	2203.4833187745353	1931.572134666628	4.7831913283114457e-23	4253186.641585389
17234.821024242403	2203.1522397022663	1902.1231490287214	4.847614777323749e-23	4260842.385072913
17237.254255205946	2203.1371372151984	1900.5352768733162	4.8507961586509277e-23	4261191.819072107
17237.40950049226	2203.135626252898	1905.6547539083895	4.850718059379221e-23	4232308.492148911
17237.512976376504	2203.1343211679664	1911.8231464637154	4.850820700390966e-23	4232338.559896695
17237.61645226075	2203.1329809883355	1918.1801343271059	4.850921612292546e-23	4232369.44217405
17237.719928144994	2203.1316887614253	1923.9168063996808	4.8510248894326014e-23	4232399.212298287
17237.823404029237	2203.1304491525048	1929.004203111603	4.85113076197778e-23	4232427.761996321
17238.211900305374	2203.126012317899	1945.045017070344	4.85153897888676e-23	4232529.913441158
17238.60039658151	2203.1219002677503	1956.6244661419419	4.851963231172336e-23	4232624.533081153
17238.988892857647	2203.118012826619	1965.0414990433558	4.852398582717513e-23	4232713.944462331
17239.54869475084	2203.1126915453046	1973.1939938451299	4.85303976881028e-23	4232836.282288238
17240.10849664403	2203.1075793890554	1978.352788311893	4.853691324911525e-23	4232953.772854933
17240.66829853722	2203.102597449088	1981.6551614629395	4.8543493620430803e-23	4233068.2466494
17241.22810043041	2203.0977009078097	1983.7553590390926	4.855011671307137e-23	4233180.74334589
17242.10114228797	2203.0901761854443	1985.484338371526	4.856050210488388e-23	4233353.604788855
17242.974184145532	2203.0827250208363	1986.237974085995	4.857092527436345e-23	4233524.769698217
17243.84722600309	2203.075312857455	1986.518886773917	4.858136918197501e-23	4233695.039834265
17244.72026786065	2203.0679249617115	1986.5429135991144	4.859182656342401e-23	4233864.757026324
17246.584330297603	2203.052198724625	1986.2279344813226	4.861418316382034e-23	4234226.048165997
17248.448392734554	2203.036521001954	1985.6604318083334	4.863657057755801e-23	4234586.259513804
17250.312455171505	2203.0208780919256	1985.0432226058508	4.865898206208714e-23	4234945.708810136
17260.1030791453	2202.9395277816106	1981.8094526037057	4.877720530780477e-23	4236815.553236225
17269.893703119098	2202.859071452969	1978.479697090477	4.8896064618178855e-23	4238665.859894058
17303.38458649777	2202.5937023300803	1966.3259380033196	4.930902154483819e-23	4244774.926631175
17336.875469876442	2202.3401534461427	1952.7059446447786	4.973031399702026e-23	4250621.307033299
17384.840229389705	2201.9969098199567	1929.835664150595	5.034818130203518e-23	4258550.024475797
17432.80498890297	2201.6828245080205	1901.9499438983587	5.098650331679842e-23	4265816.56092796
17480.769748416235	2201.4041219051423	1867.600837197419	5.1649134971959467e-23	4272269.230228693
17567.600263978424	2201.0103380346322	1783.2091955608496	5.2924136834540473e-23	4281372.650424249
17578.454078423696	2200.972690328449	1770.3001336778727	5.309140037305988e-23	4282239.309817992
17589.307892868965	2200.93798827592	1756.922143963538	5.326066527454357e-23	4283036.6616926445
17600.161707314237	2200.9063710294968	1743.179568666099	5.3432022880758e-23	4283761.359552108
17611.01552175951	2200.8779951645006	1729.2221169603056	5.360557511676448e-23	4284409.6471229205
17617.73026982387	2200.862145287051	1720.5758438504583	5.371409515670167e-23	4284770.492729599
17624.445017888233	2200.8476715589313	1712.0180353717612	5.382354065141635e-23	4285098.857142478
17631.159765952594	2200.8346432690346	1703.6576799434838	5.39339544164068e-23	4285393.091048431
17633.138878336882	2200.831089567326	1701.248973776592	5.396668913309316e-23	4285473.05240153
17635.11799072117	2200.8276696749244	1698.8738141206477	5.399951306990859e-23	4285549.852733913
17635.172831431282	2200.8271124208536	1703.163335968921	5.39973014590259e-23	4256275.686838536
17635.227672141395	2200.8261862401864	1710.8772261353743	5.399775358680335e-23	4256297.219453919
17635.282512851507	2200.825155181983	1719.50135915384	5.39981479923833e-23	4256321.203163476
17635.33735356162	2200.8241608910585	1727.6926021211257	5.39985626337702e-23	4256344.327839476
17635.39754870401	2200.823126952265	1736.04854693528	5.399904936843926e-23	4256368.368388295
17635.457743846404	2200.8221320803423	1743.945127742282	5.399955760588243e-23	4256391.496148652
17635.5179389888	2200.82115807979	1751.558316924882	5.400007733191886e-23	4256414.136330967
17635.578134131192	2200.820201216867	1758.9253077202716	5.400060649182955e-23	4256436.376182554
17635.799914843443	2200.816845204799	1783.7852561965938	5.400264937320316e-23	4256514.357904217
17636.021695555693	2200.8137283921815	1805.3727587765072	5.400482394836304e-23	4256586.751301606
17636.243476267944	2200.81082093434	1824.0702995689755	5.400711380488852e-23	4256654.253479359
17636.693674102316	2200.8054482185003	1854.6022639612354	5.401205351892656e-23	4256778.913557412
17637.143871936692	2200.8006166298474	1877.384850398604	5.401729141026574e-23	4256890.930750037
17637.594069771065	2200.7961733621923	1894.4732976528517	5.402274342529675e-23	4256993.875391883
17638.044267605437	2200.7920142767525	1907.3253100451868	5.40283522796526e-23	4257090.180813129
17638.99846294711	2200.7838067281027	1925.279067339093	5.404057619516239e-23	4257280.10617434
17639.952658288785	2200.7761340447246	1935.104743659161	5.405309661260021e-23	4257457.539812679
17640.90685363046	2200.768787929329	1940.104603037378	5.406579894043723e-23	4257627.349391234
17641.861048972132	2200.761626005353	1942.456563270732	5.407860482261444e-23	4257792.862519925
17642.815244313806	2200.7545549345223	1943.5388562987391	5.409146286975644e-23	4257956.2609682325
17644.184992666902	2200.744481569145	1944.1313882625693	5.410996683389069e-23	4258189.031723422
17645.55474102	2200.734467936469	1944.092567326531	5.412850810369449e-23	4258420.424776325
17646.924489373097	2200.72450427905	1943.6198120092017	5.414708132548186e-23	4258650.667995057
17648.294237726193	2200.7145756719665	1942.9620301826326	5.416567828690262e-23	4258880.110197766
17649.66398607929	2200.7046693181464	1942.311480167194	5.418429194119497e-23	4259109.050543921
17653.29501674345	2200.6785228340295	1940.507932649654	5.423371877433849e-23	4259713.3650768
17656.926047407607	2200.652524024379	1938.8717267045242	5.428325844608158e-23	4260314.353412379
17660.557078071768	2200.626691295038	1937.1712109008092	5.433292138185295e-23	4260911.582544781
17664.188108735925	2200.6010318672497	1935.348958550587	5.438271184278919e-23	4261504.880973726
17676.13724015349	2200.5177985499304	1929.2151470660106	5.454745921023592e-23	4263429.918506475
17688.086371571055	2200.4364524103903	1922.8018143832733	5.471360621343358e-23	4265312.029417953
17700.03550298862	2200.357056950475	1916.092058387019	5.488119835790696e-23	4267149.63688624
17758.933637045924	2199.9982506621395	1877.5840324732067	5.573105059798981e-23	4275459.202081546
17817.83177110323	2199.6996331389937	1827.7535091543189	5.662501996549586e-23	4282373.387665317
17876.729905160533	2199.47315402541	1763.8341268440486	5.757183273235206e-23	4287599.501189287
17899.581029020097	2199.40726070754	1735.373667273123	5.795536503459324e-23	4289110.146715894
17922.432152879664	2199.355733205996	1706.565242905173	5.834941311450596e-23	4290281.813199906
17945.28327673923	2199.3210305680345	1681.007606762558	5.875563237465876e-23	4291055.903344013
17968.134400598796	2199.303563440073	1663.8253765670713	5.91744854961945e-23	4291422.3720121905
17987.78905207086	2199.2987905277146	1657.5870945281017	5.954287696599806e-23	4291495.055049316
18007.443703542926	2199.2978276855106	1656.2316722605274	5.991543474354308e-23	4291477.5863829395
18027.09835501499	2199.297264300045	1655.8280400096799	6.029010988546412e-23	4291450.665729135
18046.753006487055	2199.296736152336	1655.0196158912304	6.066668811601837e-23	4291422.911093841
18066.40765795912	2199.296665642809	1654.6367177750506	6.104543931743498e-23	4291384.327969036
18087.156049610963	2199.2968727469165	1654.9170996259625	6.144750349938336e-23	4291336.936369112
18107.90444126281	2199.2969754627934	1655.188630298979	6.185162820394926e-23	4291292.014909724
18128.652832914653	2199.2969126235876	1655.090894321045	6.225778221061782e-23	4291251.01073472
18149.401224566496	2199.296853799865	1654.9478876589365	6.266608042935587e-23	4291209.911612517
18170.14961621834	2199.2968699049775	1654.978935379793	6.307657686604155e-23	4291167.039726076
18211.354725018027	2199.296891193601	1655.019633054289	6.389820240361714e-23	4291082.15198767
18252.559833817715	2199.296899828931	1655.043060870344	6.472840229987076e-23	4290997.564023077
18293.764942617403	2199.296887631589	1655.0194244094964	6.556723848659364e-23	4290913.469328364
18334.97005141709	2199.296878387872	1655.001985167256	6.641479462225016e-23	4290829.305127935
18466.951493331617	2199.2968728610554	1654.9926300609482	6.918904738797574e-23	4290559.157007818
18598.932935246143	2199.2968693273597	1654.985858129077	7.205571968460938e-23	4290288.965651118
18730.914377160672	2199.2968631333433	1654.974739711752	7.50171174688672e-23	4290018.84113968
20050.728796305943	2199.296802062031	1654.864924112549	1.1037736420468086e-22	4287317.790626117
21370.543215451213	2199.2967412099583	1654.755456715631	1.5804940797767992e-22	4284617.12616059
34568.68740690392	2199.29612735394	1653.6555712876088	2.226466076796447e-21	4257632.158806085
47766.83159835663	2199.295506542886	1652.548806187088	1.260047460022859e-20	4230686.631538654
179748.27351288366	2199.2886162892423	1640.8108013244246	1.2729716830350825e-17	3963438.861558511
179949.00870910654	2199.288605463073	1640.7925874541672	1.2803210099181278e-17	3963035.4780964125
180149.7439053294	2199.2885945947423	1640.7743416970777	1.2877044107200449e-17	3962632.1050496795
182157.09586755812	2199.288485697444	1640.5916772807032	1.3634389413458657e-17	3958598.8997675977
184164.44782978686	2199.2883765455435	1640.4087610709023	1.4427140530327106e-17	3954566.6465704064
204237.96745207405	2199.287264905647	1638.5596945374832	2.4588881244913598e-17	3914296.7371823234
224311.48707436124	2199.2861257098384	1636.6832152070428	3.984473056202852e-17	3874122.6706028897
340683.34749257506	2199.2788263235693	1625.101561029351	3.4117320074040206e-16	3643142.09344049
457055.2079107888	2199.2697101064537	1611.5922705691787	1.5391897933084612e-15	3415529.7178206174
457362.7027399646	2199.269682892395	1611.5530609682871	1.5445027071808265e-15	3414932.8643834204
457670.19756914035	2199.2696555974203	1611.5137594863518	1.5498303535287065e-15	3414336.0365885943
457977.6923983161	2199.269628282088	1611.4744366284706	1.5551727647432643e-15	3413739.233278359
461052.64069007366	2199.2693532436406	1611.0791001105565	1.6094157416661196e-15	3407772.561831076
464127.5889818312	2199.269075759319	1610.6809420013683	1.665169468351939e-15	3401808.348545786
494877.0718994068	2199.2660867243044	1606.4534006709976	2.3129706703777923e-15	3342303.402164483
525626.5548169824	2199.262733630544	1601.7880668006255	3.149497786061004e-15	3283089.6683925907
587131.1711929626	2199.254186237508	1590.0927723022141	5.549670831948211e-15	3165871.7920560655
587611.6760083999	2199.2541074140186	1589.9847240973506	5.572956108998478e-15	3164962.302925267
588092.1808238374	2199.2540279326786	1589.875503784095	5.596319873728821e-15	3164053.0425025797
588572.6856392748	2199.2539482940456	1589.766295255733	5.619762317705628e-15	3163143.9125402453
593377.7337936491	2199.2531262237776	1588.6387316757805	5.858556853958005e-15	3154058.996619014
598182.7819480234	2199.252267620895	1587.4590162646177	6.105439626139315e-15	3144983.612199947
618322.0479213836	2199.2481281650075	1581.7222049590987	7.232846375431536e-15	3107052.568560089
638461.313894744	2199.242408607702	1573.5342632363613	8.521737412427756e-15	3069335.754741751
639720.0180180791	2199.2419729903263	1572.889802854065	8.608031776058062e-15	3066986.2243911787
640978.7221414141	2199.2415213137892	1572.2188046536753	8.69502572701868e-15	3064637.862845473
642237.4262647491	2199.24105200547	1571.516886369964	8.782723436448189e-15	3062290.6362607903
651347.9076387351	2199.2368895392365	1565.0678609086417	9.438831407890166e-15	3045338.142248528
653625.5279822316	2199.235611120021	1562.9848224148157	9.608837123007206e-15	3041110.263642075
655903.148325728	2199.234245610537	1560.6920448881506	9.781286543400114e-15	3036885.9165266445
658180.7686692246	2199.232964712935	1558.4623289081374	9.956223560970983e-15	3032662.1487851734
658455.6192603448	2199.232809304761	1558.1873176957824	9.977502551048782e-15	3032152.594420692
658730.469851465	2199.2326945536215	1557.9800067162003	9.998822476295625e-15	3031642.3878894234
659806.7256961798	2199.232284163475	1557.2389980320338	1.0082663638979338e-14	3029644.1977066286
660882.9815408947	2199.232006050381	1556.7271465959145	1.0167082851724955e-14	3027644.2279108004
662998.9929973203	2199.2317380233158	1556.2201002190006	1.033474447486959e-14	3023708.6932497476
665115.0044537459	2199.23166644566	1556.0704463732743	1.0504642819183533e-14	3019771.6004104433
667231.0159101716	2199.2316518208218	1556.0250671933372	1.06767856263571e-14	3015835.3257929245
672763.9813692211	2199.231649537159	1555.9719478519514	1.113765281449564e-14	3005551.822748426
678296.9468282708	2199.231649562201	1555.9231757973084	1.1614381755228105e-14	2995280.502443111
711211.4507161764	2199.231648243083	1555.6315026700217	1.4801088886805084e-14	2934475.017302309
744125.9546040822	2199.231646923754	1555.342019114918	1.8655833187803802e-14	2874215.769532914
849577.2140708782	2199.231642777625	1554.4301898456515	3.674695193982522e-14	2684962.8736799215
955028.4735376743	2199.2316387273518	1553.5398926378707	6.68450726868356e-14	2501037.134478803
1159624.9920385152	2199.2316311410086	1551.8741202851083	1.8032353035336823e-13	2159035.751621589
1364221.5105393562	2199.2316239433158	1550.2977804841169	4.1375478852900603e-13	1838616.443247461
1568818.0290401971	2199.2316170700856	1548.7966469106343	8.450923824576911e-13	1542169.849649718
1858941.7863179722	2199.231608595883	1546.9723539114354	2.0115685738232597e-12	1168343.9560200362
2149065.5435957476	2199.231601197237	1545.4085552283045	4.2216811016137596e-12	857268.1812133308
2328622.172945376	2199.2315972436168	1544.5937444824956	6.363022964380805e-12	696440.8595118469
2508178.802295005	2199.2315937259064	1543.8855052970855	9.303178014649229e-12	556085.3611506941
2687735.4316446334	2199.2315905447367	1543.2602108482413	1.3250031321658895e-11	432885.1470179958
2867292.060994262	2199.2315875684512	1542.6857930508118	0.0001254262384731681	324648.76614002674
3049433.642967233	2199.2315849908136	1542.2120501023805	2.9290303998812972e-05	228678.707904348
3231575.2249402036	2199.2315826151657	1541.7885889259624	0.00015674708695660267	146117.73706670493
3413716.8069131747	2199.2315805180715	1541.4344852934928	7.958608465333979e-05	77203.61629471052
3595858.3888861453	2199.231578814856	1541.178737300399	1.2951758054355694e-05	23768.84245381797
3645219.494470333	2199.231578391601	1541.119015923714	2.9458255493317043e-05	12724.808099084035
3694580.600054521	2199.2315779406076	1541.0523683313752	0.00021018186077071397	3884.676090461285
3719261.152846615	2199.2315778027764	1541.0409843847196	0.00023484203679987012	758.0776311094266
3724197.263405034	2199.2315777882386	1541.0419664640524	0.00015665960247339305	320.7507978114559
3729133.373963453	2199.2315777619365	1541.0400003856703	7.412321668307786e-06	15.807223731192163
3729626.9850192945	2199.2315777488734	1541.0371215429905	8.820229261465724e-05	1.4305150427686968
3729725.707230463	2199.231577745752	1541.0364261272584	9.53144224288143e-06	0.004781727302271771
3729726.4970081523	2199.231577745741	1541.0364245446374	0.00022068264980081666	0.0016923917790314677
3729726.891896997	2199.2315777458034	1541.0370996215447	4.029525940006855e-05	0.0005266615337893664
3729727.0893414193	2199.231577745863	1541.0371257599215	1.1379220570066884e-05	0.00010998722751231543
3729727.1387025253	2199.2315777458793	1541.0371082902532	3.478935093539333e-05	3.775471228470916e-05
3729727.1633830783	2199.2315777458866	1541.037115302978	0.00020990209755702752	1.0830329619055782e-05
3729727.1757233553	2199.2315777458903	1541.0371146160264	5.234675377961274e-05	1.5759668043737703e-06
3729727.1764946226	2199.2315777458907	1541.037114514075	0.0002467592635501033	1.1701945294289788e-06
3729727.1766987746	2199.2315777458907	1541.0371144935177	0.0002982197885987349	1.068236461571108e-06
3729727.176800851	2199.2315777458907	1541.037114483964	0.00032394989517923036	1.0181769566019017e-06
3729727.1768233017	2199.2315777458907	1541.0371144818896	2.40777258601936e-07	1.0072508656379859e-06
3729727.1768345274	2199.2315777458907	1541.0371144808546	5.171097082409454e-07	1.0017993007436986e-06
3729727.176845753	2199.2315777458907	1541.0371144798225	1.9206040912833185e-06	9.990980410784934e-07
3729727.176851366	2199.2315777458907	1541.0371144793073	1.9921823048184794e-06	9.989606549815194e-07
3729727.176856979	2199.2315777458907	1541.0371144787932	1.9519487991712645e-06	9.990377922918265e-07
3729727.176862592	2199.2315777458907	1541.0371144782796	1.924034855330755e-06	9.990916166728702e-07
3729727.176868205	2199.2315777458907	1541.0371144777666	1.922475417127375e-06	9.990945395510986e-07
3729727.176889122	2199.2315777458907	1541.0371144758603	1.903138383405458e-06	9.991316503649987e-07
3729727.176910039	2199.2315777458907	1541.0371144739636	1.907348866554585e-06	9.99123254853278e-07
3729727.176930956	2199.2315777458907	1541.0371144720762	1.91171529352405e-06	9.99115346018939e-07
3729727.177140127	2199.2315777458907	1541.0371144539888	1.91810899015791e-06	9.991029989261405e-07
3729727.1773492973	2199.2315777458907	1541.0371144367382	1.9188887092596e-06	9.991010713245151e-07
3729727.1793282772	2199.231577745891	1541.0371143203395	1.9202922036426425e-06	9.990982241721673e-07
3729727.181307257	2199.2315777458916	1541.0371142419444	1.9209159789239946e-06	9.990977796802168e-07
3729727.2010970553	2199.231577745898	1541.0371140945895	1.9210719227443324e-06	9.99097085747703e-07
3729727.220886854	2199.2315777459044	1541.0371140848988	1.9210719227443324e-06	9.990969774122251e-07
3729727.4187848372	2199.231577745964	1541.037114088634	1.9210719227443324e-06	9.990968082805862e-07
3729727.616682821	2199.2315777460226	1541.037114089903	1.9212278665646703e-06	9.990967818757632e-07
3729729.595662656	2199.231577746493	1541.0371140963564	1.9210719227443324e-06	9.99096740650692e-07
3729731.5746424906	2199.2315777468593	1541.0371141013848	1.9212278665646703e-06	9.990967342128902e-07
3729751.364440839	2199.2315777478643	1541.0371141151757	1.9210719227443324e-06	9.990967241596262e-07
3729771.1542391875	2199.2315777479907	1541.037114116909	1.9210719227443324e-06	9.99096722590319e-07
3729969.052222671	2199.231577747276	1541.0371141071093	1.9212278665646703e-06	9.990967201460086e-07
3730166.950206155	2199.2315777465237	1541.037114096793	1.9212278665646703e-06	9.99096719768387e-07
3732145.930040993	2199.2315777391163	1541.0371139952144	1.9210719227443324e-06	9.99096719217556e-07
3734124.909875831	2199.23157773171	1541.037113893648	1.9212278665646703e-06	9.990967191703755e-07
3753914.7082242114	2199.231577657642	1541.0371128779573	1.9212278665646703e-06	9.990967194848753e-07
3773704.5065725916	2199.231577583573	1541.0371118622468	1.9210719227443324e-06	9.990967199221376e-07
3971602.4900563937	2199.2315768427866	1541.0371017036846	1.9210719227443324e-06	9.990967244870171e-07
4169500.4735401957	2199.23157610187	1541.0370915431463	1.9212278665646703e-06	9.990967290826223e-07
6148480.30837822	2199.2315686828174	1541.0369897915502	1.9212278665646703e-06	9.9909677514678e-07
8127460.143216242	2199.231561250682	1541.0368878410804	1.9210719227443324e-06	9.990968212994809e-07
27917258.491596468	2199.2314859124854	1541.035853284483	1.4504334729641236e-06	9.990972891522905e-07
47707056.83997669	2199.2314091818384	1541.034797522548	2.2044218442985538e-06	9.990977656532838e-07
114784605.49959351	2199.2311381018926	1541.031050348078	7.75040787080066e-08	9.990994490769647e-07
181862154.15921032	2199.2308470930593	1541.026996585726	0.00014084892636078005	9.991012561076335e-07
248939702.81882712	2199.2305315932513	1541.0225631020458	0.00016120536483624697	9.991032148404012e-07
367096017.7354161	2199.2298951649177	1541.0134848396976	0.00028662333828693716	9.991071665317415e-07
396635096.4645633	2199.229715198691	1541.0108827091187	0.00015914051271115096	9.991082840561639e-07
426174175.1937105	2199.2295240499507	1541.0081000087187	0.0001613190478812734	9.991094710875068e-07
455713253.92285776	2199.2293196595438	1541.005102706186	0.00019727626208717832	9.991107403849001e-07
485252332.65200496	2199.2290993282186	1541.0018445152828	0.00024288982953605545	9.99112108691129e-07
546871901.3452382	2199.228568791327	1540.993872827335	0.000114592665330464	9.991154034637816e-07
580330870.5206424	2199.2282233845162	1540.988576380263	3.5368058452667797e-07	9.991175491270506e-07
613789839.6960466	2199.227809374182	1540.9820984423648	7.1606283422821875e-06	9.99120120363682e-07
635049059.9743896	2199.2274892819755	1540.976974945452	0.00011246886644128022	9.991221083511174e-07
656308280.2527324	2199.2270898531024	1540.9704209914235	0.0001792056481302264	9.991245891498514e-07
661623085.3223182	2199.2269703450543	1540.9684194548067	0.00024400092925596397	9.991253314215249e-07
666937890.391904	2199.226838562817	1540.966188798954	0.0002740957474239009	9.991261498856278e-07
672252695.4614898	2199.2266902195274	1540.9636440230338	0.00027780502713446156	9.991270711618345e-07
677567500.5310756	2199.2265180619142	1540.960641591255	0.00027387087643497343	9.99128140319263e-07
677567543.9773301	2199.2265180603886	1540.9606415647766	0.0002738707204911531	9.991281403287387e-07
677567587.4235846	2199.2265180588583	1540.960641550385	0.0002738704086035124	9.991281403382422e-07
677567630.8698391	2199.226518057306	1540.9606415101268	0.00027387056454733277	9.991281403478833e-07
677567674.3160936	2199.2265180557615	1540.9606414829072	0.0002738707204911531	9.991281403574751e-07
677568108.7786384	2199.2265180403897	1540.96064121228	0.0002738707204911531	9.99128140452939e-07
677568543.2411832	2199.226518025022	1540.9606409417229	0.0002738710323787938	9.991281405483783e-07
677568977.703728	2199.226518009649	1540.9606406710714	0.0002738707204911531	9.991281406438491e-07
677573322.329176	2199.226517855916	1540.9606379644395	0.0002738707204911531	9.991281415985887e-07
677577666.9546239	2199.226517702158	1540.9606352573242	0.00027387087643497343	9.99128142553482e-07
677621113.209104	2199.2265161630003	1540.9606081557577	0.00027387087643497343	9.991281521122197e-07
677664559.463584	2199.2265146213435	1540.9605810054052	0.0002738707204911531	9.991281616864756e-07
678099022.008384	2199.226499043572	1540.960306392927	0.00027386962888441074	9.991282584301817e-07
678533484.553184	2199.2264832021187	1540.9600266241478	0.0002738622995248549	9.991283568114578e-07
681533124.756323	2199.22636551808	1540.9579315970873	0.00027128064957915863	9.991290876710886e-07
684532764.9594619	2199.2262283355276	1540.9554504988046	0.00021749188329287997	9.99129939580284e-07
687532405.1626009	2199.2260589987345	1540.9523247972647	5.905654853729765e-05	9.991309909474695e-07
687532437.2820684	2199.2260577996426	1540.9522953641367	5.905623664965697e-05	9.991309983943043e-07
687532469.4015359	2199.2260567961357	1540.952274065009	5.905623664965697e-05	9.99131004626479e-07
687532790.596211	2199.226056447967	1540.9522680547143	5.905576881819596e-05	9.991310067887439e-07
687533111.7908859	2199.226056481725	1540.9522686951946	5.905576881819596e-05	9.99131006579093e-07
687536323.7376361	2199.22605627291	1540.952264778952	5.905576881819596e-05	9.991310078759187e-07
687539535.6843863	2199.2260560575933	1540.9522607392266	5.905576881819596e-05	9.991310092131205e-07
687571655.1518878	2199.2260539061904	1540.9522203720733	5.905576881819596e-05	9.991310225741837e-07
687603774.6193894	2199.2260517460218	1540.952179825807	5.905561287437562e-05	9.991310359896863e-07
687924969.294405	2199.226029668593	1540.9517645842966	5.905140239122649e-05	9.991311730992763e-07
688246163.9694206	2199.226006597487	1540.9513289792303	5.899869337995223e-05	9.991313163799906e-07
689841724.1529562	2199.2258719154715	1540.9487503264568	4.151832678297981e-05	9.99132152795265e-07
689841821.5382214	2199.2258714703185	1540.948741055981	4.151754706387813e-05	9.991321555598462e-07
689841918.9234864	2199.225870762202	1540.9487261217957	4.151707923241711e-05	9.991321599575383e-07
689842016.3087515	2199.225870275034	1540.948716035498	4.151739112005778e-05	9.991321629830477e-07
689842990.1614025	2199.225870636039	1540.948723995934	4.1517703007698464e-05	9.991321607410614e-07
689843964.0140533	2199.2258705715585	1540.948722746987	4.151801489533914e-05	9.99132161141511e-07
689853702.5405626	2199.2258695701125	1540.9487033020155	4.151754706387813e-05	9.991321673608974e-07
689863441.0670719	2199.2258685664174	1540.9486838093612	4.1517703007698464e-05	9.991321735942542e-07
689960826.3321644	2199.2258583865455	1540.9484858803542	4.1517703007698464e-05	9.991322368154057e-07
690058211.597257	2199.2258478893086	1540.9482813418451	4.1517235176237455e-05	9.991323020075305e-07
690859515.0067543	2199.225745173312	1540.9462557569207	3.8878197904656777e-05	9.991329399140382e-07
690859612.822112	2199.225744699727	1540.9462458211306	3.887804196083643e-05	9.991329428551987e-07
690859710.6374695	2199.2257440692224	1540.9462323964226	3.887804196083643e-05	9.991329467708927e-07
690859808.4528272	2199.2257437241315	1540.9462253265467	3.88778860170161e-05	9.991329489140504e-07
690860786.6064038	2199.2257437987428	1540.94622731299	3.88778860170161e-05	9.991329484506831e-07
690861764.7599803	2199.225743680794	1540.9462249589067	3.88778860170161e-05	9.991329491831943e-07
690871546.2957458	2199.22574210135	1540.9461934068745	3.887804196083643e-05	9.99132958992196e-07
690881327.8315115	2199.2257405098544	1540.9461616017345	3.887773007319576e-05	9.991329688760439e-07
690979143.189167	2199.225724024864	1540.9458314299104	3.887695035409407e-05	9.991330712546796e-07
691076958.5468225	2199.2257061819305	1540.9454725567057	3.886634617431108e-05	9.991331820667172e-07
691077093.0265231	2199.2257061371915	1540.9454716441317	3.886650211813142e-05	9.991331823445651e-07
691077227.5062238	2199.225706078718	1540.945470417086	3.886650211813142e-05	9.991331827077104e-07
691077361.9859244	2199.225706025899	1540.9454693216044	3.886650211813142e-05	9.991331830357392e-07
691078706.7829304	2199.2257057828238	1540.9454644607035	3.8866190230490747e-05	9.991331845453372e-07
691080051.5799364	2199.225705526005	1540.9454592822635	3.8866190230490747e-05	9.991331861402875e-07
691093499.5499969	2199.2257029125326	1540.9454065648579	3.8866190230490747e-05	9.99133202371042e-07
691106947.5200573	2199.2257002628007	1540.9453530796495	3.886650211813142e-05	9.991332188269825e-07
691241427.2206616	2199.2256718391923	1540.9447770705765	3.884685319676883e-05	9.991333953494578e-07
691375906.921266	2199.2256383926215	1540.9440940303766	3.8686854837102e-05	9.99133603066569e-07
691862635.6188946	2199.2253791781154	1540.9385326964127	3.911570034303161e-05	9.991352129002742e-07
691862825.7472922	2199.22537867387	1540.9385049305263	3.911554439921127e-05	9.991352160318573e-07
691863015.8756897	2199.2253780214737	1540.9385058496885	3.9115856286851945e-05	9.99135220083525e-07
691863206.0040872	2199.2253775188424	1540.9384938235248	3.9115388455390935e-05	9.99135223205085e-07
691865107.2880626	2199.225376607265	1540.938466902253	3.911570034303161e-05	9.991352288663785e-07
691867008.5720378	2199.225376077129	1540.9384548637847	3.9115388455390935e-05	9.99135232158754e-07
691886021.4117907	2199.2253706375323	1540.9383311736092	3.91152325115706e-05	9.99135265941027e-07
691905034.2515438	2199.2253656480075	1540.938217404483	3.9115388455390935e-05	9.991352969281563e-07
692095162.6490732	2199.225331406931	1540.937428077714	3.9091684994699555e-05	9.991355095802282e-07
692285291.0466028	2199.225309310074	1540.9369100242905	3.9100417848638484e-05	9.991356468114413e-07
692443805.6738015	2199.2252960135315	1540.936594132757	3.917948136554987e-05	9.991357293888898e-07
692602320.3010002	2199.2252841034824	1540.9363091048237	3.9247628815037596e-05	9.991358033556042e-07
692760834.928199	2199.2252740063846	1540.936065606517	3.927413926449506e-05	9.991358660630696e-07
694054887.0222157	2199.2252229376927	1540.934800854687	4.171122928873798e-05	9.991361832228065e-07
694701913.0692241	2199.2252079426676	1540.9344171174491	4.330653457079614e-05	9.991362763496596e-07
695348939.1162326	2199.2251944459113	1540.9340682184293	4.3970231470154846e-05	9.991363601710651e-07
695510695.6279848	2199.2251916665105	1540.9339955590272	4.398520207690729e-05	9.991363774324061e-07
695672452.1397369	2199.225189103478	1540.9339278950495	4.399128388590048e-05	9.991363933499928e-07
695834208.6514891	2199.225186519895	1540.9338598376144	4.399253143646318e-05	9.991364093952018e-07
695834307.3798288	2199.2251865182716	1540.9338597948852	4.399299926792419e-05	9.99136409405284e-07
695834406.1081686	2199.225186516647	1540.9338597518213	4.399268738028352e-05	9.991364094153724e-07
695834504.8365083	2199.2251865150674	1540.933859709948	4.399284332410385e-05	9.991364094251832e-07
695835492.1199056	2199.225186499784	1540.9338593062353	4.399299926792419e-05	9.99136409520101e-07
695836479.4033029	2199.2251864844834	1540.9338589019294	4.399299926792419e-05	9.991364096151237e-07
695846352.2372757	2199.225186331663	1540.9338548632493	4.399284332410385e-05	9.991364105642085e-07
695856225.0712487	2199.225186179214	1540.9338508335825	4.399268738028352e-05	9.991364115109844e-07
695954953.4109778	2199.225184679091	1540.9338111380337	4.399253143646318e-05	9.991364208274191e-07
696053681.750707	2199.225183214238	1540.933772299673	4.399268738028352e-05	9.99136429924813e-07
697040965.1479989	2199.2251702001877	1540.9334237678272	4.3996741919612304e-05	9.991365107479078e-07
698028248.5452908	2199.2251595750995	1540.9331341256795	4.402605935783586e-05	9.991365767345044e-07
699015531.9425827	2199.225150688611	1540.932887968048	4.408126347023554e-05	9.991366319236448e-07
703748153.544621	2199.2251225989303	1540.9320809364415	4.4512915964931226e-05	9.991368063729761e-07
703748154.1087935	2199.225122598941	1540.9320809785247	4.4512915964931226e-05	9.99136806372908e-07
703748154.6729659	2199.225122598966	1540.932081102996	4.451260407729055e-05	9.991368063727525e-07
703748155.2371383	2199.225122599002	1540.932081293695	4.451276002111089e-05	9.991368063725287e-07
703748155.8013107	2199.2251225990553	1540.932081448359	4.4512915964931226e-05	9.991368063721992e-07
703748161.4430346	2199.225122606852	1540.9320800154685	4.451307190875156e-05	9.991368063237788e-07
703748167.0847586	2199.225122655908	1540.9320288321144	4.451276002111089e-05	9.991368060191188e-07
703748172.7264826	2199.2251226806143	1540.9320793458485	4.4513383796392235e-05	9.991368058656813e-07
703748173.6080021	2199.2251226840094	1540.932082904491	4.4512915964931226e-05	9.991368058445949e-07
703748174.4895215	2199.225122684792	1540.9320836130394	4.451307190875156e-05	9.99136805839735e-07
703748183.3047156	2199.2251226746985	1540.932083442254	4.4512915964931226e-05	9.991368059024207e-07
703748192.1199098	2199.22512266359	1540.9320830871798	4.4512915964931226e-05	9.991368059714095e-07
703748280.2718512	2199.225122620179	1540.932081792789	4.451260407729055e-05	9.991368062410124e-07
703748368.4237926	2199.2251226073586	1540.9320814110185	4.4512915964931226e-05	9.991368063206316e-07
703749249.9432067	2199.225122599011	1540.9320811628183	4.451276002111089e-05	9.991368063724747e-07
703750131.4626209	2199.225122596003	1540.9320810737222	4.451276002111089e-05	9.991368063911543e-07
703758946.6567622	2199.2251225575815	1540.9320799340308	4.451307190875156e-05	9.991368066297698e-07
703767761.8509036	2199.2251225190853	1540.932078791983	4.451307190875156e-05	9.991368068688487e-07
703855913.7923174	2199.2251221369265	1540.93206744846	4.451307190875156e-05	9.991368092422263e-07
703944065.7337312	2199.225121758639	1540.9320562086223	4.451307190875156e-05	9.991368115915633e-07
704825585.1478688	2199.2251182240793	1540.9319506340269	4.451213624582953e-05	9.99136833542776e-07
705707104.5620064	2199.2251150114967	1540.9318537676243	4.4509641144704124e-05	9.991368534943653e-07
710745008.9850914	2199.225101060283	1540.931421175999	4.491587479668472e-05	9.991369401380618e-07
715782913.4081764	2199.225092278901	1540.9311357768045	4.676443284297187e-05	9.991369946760151e-07
720820817.8312615	2199.225086290568	1540.9309362615782	4.7652221012156334e-05	9.9913703186702e-07
721622690.3115654	2199.225085275221	1540.9309043150822	4.7558498776133176e-05	9.991370381728542e-07
722424562.7918694	2199.2250847373325	1540.9308830563048	4.7495185585075924e-05	9.991370415134526e-07
723226435.2721734	2199.2250840684965	1540.930859970925	4.747959120304213e-05	9.991370456672552e-07
724028307.7524773	2199.225083412328	1540.9308372069995	4.7484893292933616e-05	9.991370497423597e-07
729829217.3424748	2199.225079573864	1540.9307017784402	4.738633679847998e-05	9.991370735811074e-07
735630126.9324723	2199.225076728888	1540.9305990472687	4.738181442769018e-05	9.991370912497179e-07
741431036.5224699	2199.2250746079358	1540.9305205422734	4.7392418607473164e-05	9.991371044217767e-07
741581455.8623824	2199.2250745798838	1540.930518667067	4.739039133780876e-05	9.991371045959917e-07
741581455.8982452	2199.225074580433	1540.9305186902782	4.739039133780876e-05	9.9913710459258e-07
741581455.9341081	2199.2250745798187	1540.9305187306152	4.7390859169269785e-05	9.991371045963963e-07
741581455.969971	2199.2250745799097	1540.9305187746322	4.739023539398843e-05	9.991371045958316e-07
741581456.0058337	2199.225074580906	1540.9305188165047	4.739007945016809e-05	9.991371045896434e-07
741581456.0072347	2199.2250745809183	1540.9305188180783	4.739007945016809e-05	9.991371045895673e-07
741581456.0086355	2199.2250745809197	1540.930518819639	4.739039133780876e-05	9.991371045895593e-07
741581456.0100365	2199.225074580927	1540.9305188211943	4.739039133780876e-05	9.991371045895142e-07
741581456.0240455	2199.2250745809292	1540.9305188364517	4.739054728162911e-05	9.991371045895e-07
741581456.0380545	2199.2250745809183	1540.9305188513817	4.739039133780876e-05	9.99137104589568e-07
741581456.1781442	2199.2250745807833	1540.9305189762683	4.739039133780876e-05	9.991371045904068e-07
741581456.3182341	2199.2250745806496	1540.9305190777604	4.739054728162911e-05	9.99137104591237e-07
741581457.7191321	2199.2250745793676	1540.9305193913092	4.739054728162911e-05	9.991371045991977e-07
741581459.1200302	2199.225074578139	1540.9305194334095	4.739054728162911e-05	9.991371046068282e-07
741581473.1290108	2199.2250745692577	1540.9305191180881	4.739039133780876e-05	9.991371046619853e-07
741581487.1379914	2199.2250745632136	1540.930518881386	4.739039133780876e-05	9.991371046995207e-07
741581627.2277974	2199.2250745498845	1540.9305183730287	4.7390703225449435e-05	9.991371047823014e-07
741581767.3176035	2199.225074549813	1540.9305183692265	4.739054728162911e-05	9.99137104782745e-07
741583168.2156638	2199.2250745505444	1540.9305183970148	4.739054728162911e-05	9.991371047782035e-07
741584569.1137241	2199.2250745501397	1540.9305183818972	4.739039133780876e-05	9.991371047807175e-07
741598578.0943273	2199.2250745457327	1540.9305182169464	4.739039133780876e-05	9.991371048080862e-07
741612587.0749307	2199.225074541332	1540.930518052223	4.7390703225449435e-05	9.991371048354161e-07
741752676.8809636	2199.2250744975036	1540.9305164113016	4.739054728162911e-05	9.99137105107611e-07
741892766.6869965	2199.225074453937	1540.9305147794184	4.739054728162911e-05	9.991371053781792e-07
743293664.7473257	2199.22507403516	1540.9304990545188	4.7390703225449435e-05	9.991371079789737e-07
744694562.8076547	2199.2250736398	1540.9304841430908	4.739054728162911e-05	9.99137110434339e-07
755380475.1085867	2199.2250712157615	1540.9303911614948	4.7411755641195074e-05	9.9913712548874e-07
766066387.4095187	2199.2250695249495	1540.930324592929	4.739943607938837e-05	9.99137135989441e-07
776752299.7104506	2199.2250683022307	1540.9302753222948	4.739117105691045e-05	9.99137143583074e-07
810134240.2926565	2199.2250660035706	1540.9301800381181	4.7372769686110575e-05	9.991371578587653e-07
812220611.5790443	2199.2250658796584	1540.9301837527175	4.737573261869699e-05	9.991371586283322e-07
814306982.8654321	2199.2250658224266	1540.9303450801901	4.737510884341564e-05	9.991371589837671e-07
816393354.15182	2199.2250657110244	1540.930167224074	4.7373393461391915e-05	9.991371596756192e-07
818479725.4382079	2199.22506561809	1540.9301631413093	4.737308157375124e-05	9.991371602527803e-07
837064655.3554028	2199.2250649119846	1540.9301306023433	4.737308157375124e-05	9.991371646379977e-07
846357120.3140004	2199.225064639407	1540.9301050727074	4.738103470858849e-05	9.99137166330855e-07
855649585.272598	2199.225064371304	1540.9301022872357	4.738477736027659e-05	9.991371679959078e-07
864942050.2311956	2199.225064144558	1540.9300986294113	4.7385401135557945e-05	9.991371694041096e-07
865264405.8792031	2199.2250641437563	1540.9300993936629	4.7385557079378295e-05	9.991371694090883e-07
865586761.5272106	2199.2250641297123	1540.9300979682234	4.7386024910839305e-05	9.991371694963083e-07
865909117.1752181	2199.225064122204	1540.9300976337759	4.738633679847998e-05	9.991371695429385e-07
866231472.8232256	2199.2250641149544	1540.930097307442	4.738571302319862e-05	9.99137169587961e-07
869455029.3033006	2199.2250640427164	1540.9300940684154	4.7386180854659634e-05	9.99137170036592e-07
872678585.7833756	2199.2250639729878	1540.9300909350407	4.7386024910839305e-05	9.991371704696394e-07
875902142.2634507	2199.2250639055746	1540.9300878995045	4.738586896701896e-05	9.991371708883047e-07
908137707.0642011	2199.2250633374333	1540.9300620384354	4.738789623668336e-05	9.991371744167238e-07
940373271.8649515	2199.22506291062	1540.9300422663528	4.738914378724606e-05	9.991371770674284e-07
972608836.6657019	2199.2250625768024	1540.930026564579	4.7391794832191805e-05	9.991371791405812e-07
1058596199.433402	2199.225061956999	1540.9299967878387	4.7341269034402286e-05	9.991371829897458e-07
1101589880.817252	2199.2250617312898	1540.9299857079593	4.7316162079327856e-05	9.9913718439149e-07
1144583562.2011018	2199.2250615487583	1540.9299766396846	4.732349143888375e-05	9.991371855251507e-07
1187577243.5849519	2199.22506138626	1540.9299685115104	4.733393967484639e-05	9.991371865343703e-07
1230570924.968802	2199.225061248234	1540.9299615285086	4.733705855125316e-05	9.991371873915774e-07
1230705545.000405	2199.2250612478383	1540.9299615083657	4.733690260743282e-05	9.991371873940349e-07
1230840165.0320082	2199.2250612474345	1540.929961487853	4.733690260743282e-05	9.991371873965425e-07
1230974785.0636113	2199.2250612470316	1540.9299614673846	4.733674666361248e-05	9.99137187399045e-07
1231109405.0952144	2199.225061246629	1540.9299614469244	4.7337214495073495e-05	9.991371874015434e-07
1232455605.4112453	2199.2250612426133	1540.9299612427585	4.733705855125316e-05	9.991371874264845e-07
1233801805.7272763	2199.2250612386133	1540.9299610393714	4.733690260743282e-05	9.991371874513252e-07
1235148006.0433073	2199.2250612346293	1540.929960836724	4.733705855125316e-05	9.99137187476068e-07
1248610009.2036178	2199.225061195683	1540.9299588529739	4.7337214495073495e-05	9.991371877179436e-07
1262072012.3639283	2199.2250611581944	1540.9299569385448	4.7337214495073495e-05	9.99137187950764e-07
1275534015.5242386	2199.2250611221225	1540.9299550918163	4.733705855125316e-05	9.991371881747868e-07
1392301522.9650936	2199.2250608575723	1540.9299414005613	4.733737043889383e-05	9.991371898177644e-07
1392308649.888155	2199.2250608572826	1540.9299413858364	4.7337214495073495e-05	9.991371898195626e-07
1392315776.8112166	2199.225060856988	1540.9299413696262	4.733737043889383e-05	9.991371898213937e-07
1392322903.734278	2199.2250608571235	1540.9299413770937	4.733737043889383e-05	9.991371898205524e-07
1392330030.6573396	2199.2250608573786	1540.9299413912404	4.733737043889383e-05	9.991371898189678e-07
1392401299.8879547	2199.22506085702	1540.9299413717974	4.7337214495073495e-05	9.991371898211953e-07
1392472569.1185699	2199.225060856872	1540.929941364092	4.733768232653451e-05	9.99137189822113e-07
1392543838.3491852	2199.2250608567274	1540.9299413565313	4.733705855125316e-05	9.991371898230115e-07
1393256530.6553369	2199.225060855327	1540.9299412833057	4.733737043889383e-05	9.991371898317103e-07
1393969222.9614887	2199.225060853929	1540.9299412102175	4.733768232653451e-05	9.99137189840392e-07
1401096146.023006	2199.225060840091	1540.929940486334	4.733768232653451e-05	9.99137189926332e-07
1408223069.0845234	2199.2250608264662	1540.9299397728346	4.733737043889383e-05	9.991371900109476e-07
1479492299.699698	2199.2250607006736	1540.9299331481084	4.733768232653451e-05	9.99137190792177e-07
1550761530.3148725	2199.2250605912045	1540.9299273255872	4.733549911304977e-05	9.991371914720278e-07
1622030760.930047	2199.2250604947444	1540.9299221476895	4.733019702315828e-05	9.991371920710846e-07
1867596330.1761856	2199.225060233069	1540.9299078545803	4.739631720298161e-05	9.991371936960811e-07
2113161899.4223242	2199.225060042049	1540.9298971596113	4.7412379416476427e-05	9.991371948823004e-07
2358727468.6684628	2199.225059894345	1540.9298887131818	4.70417009555329e-05	9.991371957995534e-07
2604293037.914601	2199.225059776152	1540.929881826111	4.6757103483415975e-05	9.991371965335862e-07
2921328987.925879	2199.2250596545305	1540.9298746005732	4.668412177549777e-05	9.991371972889613e-07
3238364937.9371576	2199.225059557854	1540.92986874566	4.685425648348658e-05	9.9913719788942e-07
3396882912.9427967	2199.2250595166656	1540.9298662173478	4.6860182348659415e-05	9.991371981452275e-07
3555400887.948436	2199.225059479336	1540.9298639069225	4.683164462953756e-05	9.991371983770632e-07
3713918862.9540753	2199.2250594453576	1540.929861787332	4.681963695537153e-05	9.99137198588082e-07
3872436837.9597144	2199.225059414312	1540.9298598361204	4.6825094989083364e-05	9.991371987808896e-07
4030954812.9653535	2199.2250593858616	1540.9298580351274	4.681854534862917e-05	9.991371989575804e-07
4126965858.2023506	2199.2250593697604	1540.9298570101992	4.681527052840207e-05	9.991371990575796e-07
4222976903.4393477	2199.2250593544404	1540.9298560309996	4.681480269694106e-05	9.99137199152726e-07
4318987948.676345	2199.2250593398417	1540.9298550942347	4.6815582416042746e-05	9.99137199243391e-07
4414998993.9133415	2199.2250593259205	1540.9298541974895	4.6816518078964766e-05	9.99137199329848e-07
5084220922.010999	2199.225059244341	1540.929848869529	4.685565997786962e-05	9.991371998364696e-07
5167873663.023207	2199.225059235666	1540.9298482950273	4.6860806123940775e-05	9.991371998903526e-07
5251526404.035414	2199.2250592273535	1540.9298477431341	4.686579632619159e-05	9.991371999419786e-07
5335179145.047622	2199.2250592192895	1540.9298472062046	4.6867199820574635e-05	9.991371999920605e-07
5418831886.059829	2199.2250592114897	1540.9298466855018	4.686751170821531e-05	9.991372000405008e-07
5863126061.749254	2199.225059173964	1540.929844160388	4.685534809022895e-05	9.991372002735562e-07
5870068158.244401	2199.2250591733905	1540.9298441215512	4.6855192146408604e-05	9.991372002771176e-07
5877010254.739549	2199.2250591728557	1540.9298440853265	4.6855192146408604e-05	9.99137200280439e-07
5883952351.234696	2199.2250591723123	1540.9298440484886	4.685534809022895e-05	9.991372002838132e-07
5953373316.186169	2199.225059167004	1540.9298436882927	4.6855192146408604e-05	9.991372003167803e-07
6022794281.137641	2199.225059161833	1540.929843336725	4.685488025876794e-05	9.991372003488934e-07
6696702472.005673	2199.2250591172124	1540.9298402731845	4.689293055093042e-05	9.991372006263872e-07
7370610662.873707	2199.2250590806993	1540.9298377230434	4.648482557310576e-05	9.991372008521752e-07
8000000000.0	2199.2250590519575	1540.9298356850222	4.5972082291834276e-05	9.99137201029726e-07
8000000000.0	2199.2250590519575	1540.9298356850222	4.5972082291834276e-05	9.99137201029726e-07
8000000000.0	2199.2250590519575	1540.9298356850222	4.5972082291834276e-05	9.99137201029726e-07
8000000000.0	2199.2250590519575	1540.9298356850222	4.5972082291834276e-05	9.99137201029726e-07
8000000000.0	2199.2250590519575	1540.9298356850222	4.5972082291834276e-05	9.99137201029726e-07
