L_GJ	Lbol	tbol	t
3.221068791	0.084139514	5.13E+05	4.93E+05
3.184197522	0.083945999	5.48E+05	5.01E+05
3.111716337	0.083560302	5.83E+05	5.17E+05
3.076096815	0.083368118	6.17E+05	5.25E+05
3.013006024	0.082985077	6.51E+05	5.41E+05
2.978516429	0.082794216	6.83E+05	5.49E+05
2.910717118	0.082603795	7.14E+05	5.67E+05
2.877398415	0.082224265	7.45E+05	5.76E+05
2.81190083	0.082035154	7.75E+05	5.94E+05
2.779713268	0.081658237	8.04E+05	6.03E+05
2.716439269	0.081470428	8.32E+05	6.22E+05
2.685344446	0.081283052	8.60E+05	6.32E+05
2.624218543	0.08090959	8.87E+05	6.53E+05
2.600159563	0.080723503	9.13E+05	6.63E+05
2.540972706	0.080537844	9.39E+05	6.84E+05
2.511886432	0.080167806	9.64E+05	6.95E+05
2.454708916	0.079983426	9.88E+05	7.17E+05
2.426610095	0.079799469	1.01E+06	7.29E+05
2.398832919	0.079432823	1.03E+06	7.41E+05
2.344228815	0.079250133	1.06E+06	7.64E+05
2.31739465	0.079067863	1.08E+06	7.77E+05
2.264644308	0.078704579	1.10E+06	8.02E+05
2.238721139	0.078523563	1.12E+06	8.15E+05
2.187761624	0.078342964	1.14E+06	8.41E+05
2.162718524	0.07816278	1.16E+06	8.55E+05
2.11348904	0.077803655	1.18E+06	8.83E+05
2.089296131	0.077624712	1.20E+06	8.97E+05
2.065380156	0.07744618	1.22E+06	9.12E+05
2.018366364	0.077268059	1.24E+06	9.41E+05
1.995262315	0.076913044	1.25E+06	9.57E+05
1.9498446	0.076736149	1.27E+06	9.88E+05
1.927524913	0.076559661	1.29E+06	1.00E+06
1.883649089	0.076383578	1.30E+06	1.04E+06
1.862087137	0.076032628	1.32E+06	1.05E+06
1.840772001	0.075857758	1.34E+06	1.07E+06
1.798870915	0.07568329	1.35E+06	1.11E+06
1.77827941	0.075509223	1.37E+06	1.12E+06
1.737800829	0.075335556	1.38E+06	1.16E+06
1.717908387	0.075162289	1.39E+06	1.18E+06
1.6943378	0.07481695	1.41E+06	1.20E+06
1.655769963	0.074644876	1421890	1.24E+06
1.636816521	0.074473197	1.44E+06	1.26E+06
1.599558029	0.074301914	1.45E+06	1.30E+06
1.581248039	0.074131024	1.46E+06	1.32E+06
1.563147643	0.073960528	1.47E+06	1.35E+06
1.527566058	0.073790423	1.49E+06	1.39E+06
1.510080154	0.07362071	1.50E+06	1.41E+06
1.475706533	0.073451387	1.51E+06	1.46E+06
1.45881426	0.073282453	1.52E+06	1.49E+06
1.442115352	0.072945751	1.53E+06	1.51E+06
1.409288798	0.072610596	1.55E+06	1.56E+06
1.393156803	0.072110748	1.58E+06	1.59E+06
1.361444682	0.071449633	1.62E+06	1.64E+06
1.342764961	0.070794578	1.66E+06	1.67E+06
1.327394458	0.07014553	1.70E+06	1.70E+06
1.297179271	0.069342581	1.74E+06	1.75E+06
1.282330583	0.068548823	1.78E+06	1.78E+06
1.253141175	0.067297666	1.82E+06	1.84E+06
1.238796587	0.06591739	1.86E+06	1.87E+06
1.224616199	0.064714262	1.90E+06	1.91E+06
1.196740531	0.063386971	1.95E+06	1.97E+06
1.183041556	0.06180164	1.99E+06	2.00E+06
1.169499391	0.060394863	2.04E+06	2.04E+06
1.145512941	0.059020108	2.08E+06	2.10E+06
1.132400363	0.057411646	2.13E+06	2.13E+06
1.109174815	0.055847019	2.19E+06	2.20E+06
1.091440336	0.054200089	2.25E+06	2.25E+06
1.073989412	0.052966344	2.29E+06	2.30E+06
1.056817509	0.051404365	2.36E+06	2.35E+06
1.039920166	0.050350061	2.41E+06	2.41E+06
1.025651926	0.04931738	2.45E+06	2.46E+06
1.011579454	0.047863009	2.53E+06	2.51E+06
0.995405417	0.046881338	2.58E+06	2.57E+06
0.979489985	0.045919801	2.63E+06	2.63E+06
0.959400632	0.044977985	2.69E+06	2.70E+06
0.944060876	0.043651583	2.77E+06	2.77E+06
0.926829823	0.042756289	2.83E+06	2.84E+06
0.91622049	0.041879357	2.89E+06	2.88E+06
0.895364766	0.041114972	2.95E+06	2.98E+06
0.88511561	0.040271703	3.02E+06	3.03E+06
0.874983775	0.03908409	3.12E+06	3.09E+06
0.855066713	0.038282474	3.18E+06	3.19E+06
0.845278845	0.03758374	3.25E+06	3.25E+06
0.835603018	0.036812897	3.33E+06	3.30E+06
0.814704284	0.036057864	3.40E+06	3.42E+06
0.805378441	0.035399734	3.48E+06	3.48E+06
0.79615935	0.034673685	3.56E+06	3.54E+06
0.778036551	0.034040819	3.64E+06	3.66E+06
0.76913044	0.033342641	3.72E+06	3.73E+06
0.760326277	0.032734069	3.81E+06	3.79E+06
0.743019138	0.032062693	3.90E+06	3.93E+06
0.734513868	0.031477483	3.99E+06	4.00E+06
0.726105957	0.03083188	4.09E+06	4.07E+06
0.711213514	0.030269134	4.19E+06	4.21E+06
0.70307232	0.02971666	4.29E+06	4.28E+06
0.688652296	0.029107171	4.39E+06	4.43E+06
0.680769359	0.028575905	4.50E+06	4.50E+06
0.672976656	0.028054336	4.61E+06	4.58E+06
0.659173895	0.027542287	4.72E+06	4.73E+06
0.653130553	0.027227013	4.78E+06	4.81E+06
0.645654229	0.026730064	4.89E+06	4.89E+06
0.633869711	0.026242185	5.02E+06	5.06E+06
0.628058359	0.025763212	5.14E+06	5.14E+06
0.615176873	0.02529298	5.27E+06	5.31E+06
0.609536897	0.024831331	5.40E+06	5.40E+06
0.603948629	0.024378108	5.54E+06	5.49E+06
0.592925325	0.023988329	5.67E+06	5.66E+06
0.587489353	0.023713737	5.75E+06	5.75E+06
0.576766463	0.023227368	5.89E+06	5.94E+06
0.572796031	0.022750974	6.04E+06	6.03E+06
0.562341325	0.022284351	6.19E+06	6.22E+06
0.558470195	0.021827299	6.35E+06	6.32E+06
0.549540874	0.021379621	6.51E+06	6.52E+06
0.544502653	0.02113489	6.60E+06	6.62E+06
0.535796658	0.020701413	6.77E+06	6.82E+06
0.532108259	0.020276827	6.95E+06	6.93E+06
0.52480746	0.019860949	7.13E+06	7.14E+06
0.521194711	0.019453601	7.31E+06	7.25E+06
0.514043652	0.019275249	7.41E+06	7.46E+06
0.510505	0.018879913	7.61E+06	7.57E+06
0.503500609	0.018492686	7.81E+06	7.80E+06
0.497737085	0.018113401	8.02E+06	8.03E+06
0.494310687	0.017947336	8.13E+06	8.14E+06
0.488652359	0.017579236	8.34E+06	8.38E+06
0.4852885	0.017218686	8.57E+06	8.49E+06
0.480839348	0.01686553	8.80E+06	8.74E+06
0.475335226	0.016710906	8.92E+06	8.98E+06
0.473151259	0.016368165	9.17E+06	9.11E+06
0.468813382	0.016032454	9.42E+06	9.36E+06
0.465586094	0.015885467	9.55E+06	9.61E+06
0.461317575	0.015559656	9.82E+06	9.87E+06
0.460256574	0.015240528	1.01E+07	1.00E+07
0.45708819	0.015100802	1.02E+07	1.03E+07
0.453941617	0.014791084	1.05E+07	1.05E+07
0.451855944	0.014487719	1.08E+07	1.08E+07
0.450816705	0.014354894	1.10E+07	1.10E+07
0.44874539	0.014060475	1.13E+07	1.12E+07
0.446683592	0.013772095	1.16E+07	1.15E+07
0.445656248	0.013645831	1.18E+07	1.18E+07
0.444631267	0.013365955	1.21E+07	1.21E+07
0.443608644	0.013091819	1.24E+07	1.24E+07
0.442588372	0.012971793	1.26E+07	1.27E+07
0.442588372	0.012705741	1.30E+07	1.30E+07
0.443608644	0.0125603	1.32E+07	1.33E+07
0.443608644	0.012302688	1.35E+07	1.36E+07
0.444631267	0.012050359	1.39E+07	1.39E+07
0.445656248	0.011939881	1.41E+07	1.42E+07
0.447713304	0.011694994	1.45E+07	1.45E+07
0.44874539	0.011455129	1.49E+07	1.48E+07
0.451855944	0.011350108	1.52E+07	1.52E+07
0.453941617	0.011117317	1.56E+07	1.55E+07
0.458141887	0.010990058	1.58E+07	1.60E+07
0.462381021	0.010764652	1.63E+07	1.63E+07
0.465586094	0.010543869	1.67E+07	1.66E+07
0.470977326	0.010447202	1.70E+07	1.70E+07
0.478630092	0.01023293	1.75E+07	1.75E+07
0.484172368	0.010023052	1.80E+07	1.78E+07
0.493173804	0.00993116	1.82E+07	1.83E+07
0.500034535	0.009727472	1.88E+07	1.86E+07
0.510505	0.009616123	1.90E+07	1.92E+07
0.518800039	0.009418896	1.96E+07	1.95E+07
0.530884444	0.009225714	2.02E+07	2.00E+07
0.539510623	0.009141132	2.05E+07	2.04E+07
0.552077439	0.008953648	2.11E+07	2.09E+07
0.566239289	0.008851156	2.14E+07	2.14E+07
0.582103218	0.008689604	2.20E+07	2.19E+07
0.599791076	0.00851138	2.27E+07	2.24E+07
0.616595002	0.008413951	2.30E+07	2.29E+07
0.633869711	0.008241381	2.37E+07	2.34E+07
0.657657837	0.008165824	2.40E+07	2.40E+07
0.677641508	0.007998343	2.47E+07	2.45E+07
0.70307232	0.007906786	2.51E+07	2.51E+07
0.731139083	0.007744618	2.58E+07	2.57E+07
0.758577575	0.007585776	2.66E+07	2.63E+07
0.78704579	0.007498942	2.70E+07	2.69E+07
0.82224265	0.007328245	2.78E+07	2.76E+07
0.849180475	0.00724436	2.82E+07	2.81E+07
0.8830799	0.007095778	2.91E+07	2.89E+07
0.912010839	0.007014553	2.95E+07	2.96E+07
0.931107875	0.006854882	3.04E+07	3.02E+07
0.946237161	0.006792036	3.09E+07	3.10E+07
0.948418463	0.006637431	3.18E+07	3.16E+07
0.939723311	0.006561453	32290071	3.24E+07
0.918332596	0.006456542	3.31E+07	3.32E+07
0.893305484	0.006309573	3.41E+07	3.39E+07
0.857037845	0.006237348	3.46E+07	3.48E+07
0.824138115	0.00610942	3.56E+07	3.56E+07
0.79250133	0.006011737	3.64E+07	3.64E+07
0.753355564	0.005929253	3.71E+07	3.76E+07
0.734513868	0.005821032	3.80E+07	3.84E+07
0.71614341	0.00572796	3.89E+07	3.93E+07
0.701455298	0.005636377	3.98E+07	4.05E+07
0.688652296	0.005546257	4.07E+07	4.18E+07
0.680769359	0.005445027	4.17E+07	4.35E+07
0.677641508	0.005357967	4.26E+07	4.54E+07
0.676082975	0.005272299	4.36E+07	4.78E+07
0.677641508	0.005188	4.46E+07	5.06E+07
0.677641508	0.005093309	4.56E+07	5.40E+07
0.677641508	0.005011872	4.67E+07	5.81E+07
0.679203633	0.004931738	4.78E+07	6.30E+07
0.680769359	0.004852885	4.89E+07	6.88E+07
0.682338694	0.00476431	5.00E+07	7.59E+07
0.683911647	0.004688134	5.12E+07	8.43E+07
0.68706844	0.004613176	5.24E+07	9.44E+07
0.690239804	0.004528976	5.36E+07	1.07E+08
0.695024318	0.004456562	5.48E+07	1.21E+08
0.699841996	0.004385307	5.61E+07	1.39E+08
0.704693069	0.004315191	5.74E+07	1.60E+08
0.707945784	0.00423643	5.88E+07	1.85E+08
0.711213514	0.004168694	6.01E+07	2.15E+08
0.71285303	0.004102041	6.15E+07	2.47E+08
0.714496326	0.004036454	6.30E+07	2.78E+08
0.71614341	0.00396278	6.44E+07	3.10E+08
0.717794291	0.00389942	6.60E+07	3.42E+08
0.719448978	0.003828247	6.78E+07	3.74E+08
0.721107479	0.003775722	6.91E+07	4.05E+08
0.722769804	0.003698282	7.10E+07	4.37E+08
0.72443596	0.003614099	7.33E+07	4.69E+08
0.726105957	0.003572728	7.45E+07	5.00E+08
0.726105957	0.003491403	7.69E+07	5.32E+08
0.727779805	0.003451437	7.81E+07	5.64E+08
0.72945751	0.003411929	7.94E+07	5.95E+08
0.731139083	0.003334264	8.20E+07	6.27E+08
0.732824533	0.003296097	8.33E+07	6.59E+08
0.734513868	0.003221069	8.60E+07	6.90E+08
0.736207097	0.003184198	8.74E+07	7.22E+08
0.73790423	0.003111716	9.03E+07	7.54E+08
0.739605275	0.003076097	9.18E+07	7.85E+08
0.741310241	0.003040885	9.33E+07	8.17E+08
0.741310241	0.002971666	9.63E+07	8.49E+08
0.743019138	0.00293765	9.79E+07	8.81E+08
0.744731974	0.002870781	1.01E+08	9.12E+08
0.746448758	0.002837919	1.03E+08	9.44E+08
0.748169501	0.002805434	1.05E+08	9.76E+08
0.749894209	0.002735269	1.08E+08	1.01E+09
0.751622894	0.002703958	1.10E+08	1.04E+09
0.753355564	0.002642409	1.13E+08	1.07E+09
0.755092228	0.002612161	1.15E+08	1.10E+09
0.755092228	0.00258226	1.17E+08	1.13E+09
0.756832895	0.002517677	1.21E+08	1.17E+09
0.758577575	0.002488857	1.23E+08	1.20E+09
0.760326277	0.002432204	127499065	1.23E+09
0.76207901	0.002404363	129665966	1.26E+09
0.763835784	0.00237684	1.32E+08	1.29E+09
0.765596607	0.002317395	1.36E+08	1.32E+09
0.767361489	0.002290868	1.39E+08	1.36E+09
0.76913044	0.002264644	1.41E+08	1.39E+09
0.770903469	0.002208005	1.46E+08	1.42E+09
0.772680585	0.00218273	1.49E+08	1.45E+09
0.774461798	0.002157744	151336958	1.48E+09
0.774461798	0.002103778	1.57E+08	1.51E+09
0.776247117	0.002079697	1.60E+08	1.55E+09
0.778036551	0.002051162	1.62E+08	1.58E+09
0.779830111	0.002004472	1.68E+08	1.61E+09
0.781627805	0.00197697	1.72E+08	1.64E+09
0.783429643	0.001954339	1.75E+08	1.67E+09
0.785235635	0.001927525	1.78E+08	1.70E+09
0.78704579	0.001883649	1.85E+08	1.74E+09
0.788860118	0.001857804	1.88E+08	1.77E+09
0.790678628	0.001836538	1.92E+08	1.80E+09
0.79250133	0.00181134	1.96E+08	1.83E+09
0.794328235	0.001790606	1.99E+08	1.86E+09
0.79615935	0.001745822	2.08E+08	1.89E+09
0.797994687	0.001725838	2.12E+08	1.93E+09
0.799834255	0.001702159	2.16E+08	1.96E+09
0.801678063	0.001682674	2.21E+08	1.99E+09
0.803526122	0.001659587	225272926	2.02E+09
0.805378441	0.00164059	2.30E+08	2.05E+09
0.80723503	0.00161808	2.35E+08	2.08E+09
0.809095899	0.001599558	2.40E+08	2.12E+09
0.810961058	0.001577611	2.46E+08	2.15E+09
0.812830516	0.001559553	2.51E+08	2.18E+09
0.814704284	0.001538155	2.57E+08	2.21E+09
0.814704284	0.001520548	2.63E+08	2.24E+09
0.816582371	0.001499685	2.70E+08	2.27E+09
0.818464788	0.001482518	2.77E+08	2.31E+09
0.820351544	0.001462177	2.84E+08	2.34E+09
0.82224265	0.00144544	2.91E+08	2.37E+09
0.824138115	0.001425608	3.00E+08	2.40E+09
0.82603795	0.001409289	3.08E+08	2.43E+09
0.827942164	0.001393157	3.17E+08	2.46E+09
0.829850768	0.001374042	3.27E+08	2.50E+09
0.831763771	0.001361445	3.36E+08	2.53E+09
0.833681185	0.00134586	3.46E+08	2.56E+09
0.835603018	0.001333521	3.56E+08	2.59E+09
0.837529282	0.001321296	3.65E+08	2.62E+09
0.839459987	0.001309182	3.75E+08	2.66E+09
0.841395142	0.001297179	3.86E+08	2.69E+09
0.843334758	0.00128825	3.96E+08	2.72E+09
0.845278845	0.001279381	4.06E+08	2.75E+09
0.847227414	0.001270574	4.17E+08	2.78E+09
0.851138038	0.001264736	4.27E+08	2.81E+09
0.853100114	0.001258925	4.38E+08	2.85E+09
0.855066713	0.001250259	4.49E+08	2.88E+09
0.857037845	0.001244515	4.60E+08	2.91E+09
0.859013522	0.001238797	4.70E+08	2.94E+09
0.860993752	0.001235947	4.81E+08	2.97E+09
0.862978548	0.001230269	4.92E+08	3.00E+09
0.864967919	0.001227439	503406710	3.04E+09
0.866961876	0.0012218	5.17E+08	3.07E+09
0.868960429	0.00121899	5.33E+08	3.10E+09
0.87096359	0.001213389	5.52E+08	3.13E+09
0.872971368	0.001207814	5.75E+08	3.16E+09
0.874983775	0.001205036	602121313	3.19E+09
0.877000821	0.001202264	6.34E+08	3.23E+09
0.879022517	0.001196741	6.65E+08	3.26E+09
0.881048873	0.001196741	6.97E+08	3.29E+09
0.8830799	0.001193988	7.29E+08	3.32E+09
0.88511561	0.001191242	7.61E+08	3.35E+09
0.889201118	0.001191242	7.92E+08	3.38E+09
0.891250938	0.001191242	823938886	3.42E+09
0.893305484	0.001191242	8.56E+08	3.45E+09
0.895364766	0.001188502	8.87E+08	3.48E+09
0.897428795	0.001188502	9.19E+08	3.51E+09
0.899497582	0.001188502	9.51E+08	3.54E+09
0.901571138	0.001188502	9.82E+08	3.57E+09
0.903649474	0.001188502	1.01E+09	3.61E+09
0.905732601	0.001188502	1.05E+09	3.64E+09
0.90782053	0.001188502	1.08E+09	3.67E+09
0.912010839	0.001188502	1.11E+09	3.70E+09
0.914113241	0.001188502	1.14E+09	3.73E+09
0.91622049	0.001188502	1.17E+09	3.76E+09
0.918332596	0.001188502	1.20E+09	3.80E+09
0.920449572	0.001188502	1.24E+09	3.83E+09
0.922571427	0.001188502	1.27E+09	3.86E+09
0.924698174	0.001188502	1.30E+09	3.89E+09
0.928966387	0.001188502	1.33E+09	3.92E+09
0.931107875	0.001188502	1.36E+09	3.95E+09
0.933254301	0.001188502	1.39E+09	3.99E+09
0.935405674	0.001188502	1.43E+09	4.02E+09
0.937562007	0.001188502	1.46E+09	4.05E+09
0.939723311	0.001188502	1.49E+09	4.08E+09
0.944060876	0.001188502	1.52E+09	4.11E+09
0.946237161	0.001188502	1.55E+09	4.14E+09
0.948418463	0.001188502	1.58E+09	4.18E+09
0.950604794	0.001188502	1.62E+09	4.21E+09
0.952796164	0.001188502	1.65E+09	4.24E+09
0.954992586	0.001188502	1.68E+09	4.27E+09
0.959400632	0.001188502	1.71E+09	4.30E+09
0.961612278	0.001188502	1.74E+09	4.33E+09
0.963829024	0.001188502	1.77E+09	4.37E+09
0.966050879	0.001188502	1.81E+09	4.40E+09
0.968277856	0.001188502	1.84E+09	4.43E+09
0.972747224	0.001188502	1.87E+09	4.46E+09
0.974989638	0.001188502	1.90E+09	4.49E+09
0.977237221	0.001188502	1.93E+09	4.52E+09
0.979489985	0.001188502	1.96E+09	4.56E+09
0.984011106	0.001188502	2.00E+09	4.59E+09
0.986279486	0.001188502	2.03E+09	4.62E+09
0.988553095	0.001188502	2.06E+09	4.65E+09
0.990831945	0.001188502	2.09E+09	4.68E+09
0.995405417	0.001188502	2.12E+09	4.71E+09
0.997700064	0.001188502	2.15E+09	4.75E+09
1	0.001188502	2.19E+09	4.78E+09
1.002305238	0.001188502	2.22E+09	4.81E+09
1.006931669	0.001188502	2.25E+09	4.84E+09
1.009252886	0.001188502	2.28E+09	4.87E+09
1.011579454	0.001188502	2.31E+09	4.90E+09
1.016248693	0.001188502	2.34E+09	4.94E+09
1.018591388	0.001188502	2.38E+09	4.97E+09
1.020939484	0.001188502	2.41E+09	5.00E+09
1.025651926	0.001188502	2.44E+09	5.03E+09
1.028016298	0.001188502	2.47E+09	5.06E+09
1.03038612	0.001188502	2.50E+09	5.10E+09
1.035142167	0.001188502	2.54E+09	5.13E+09
1.037528416	0.001188502	2.57E+09	5.16E+09
1.039920166	0.001188502	2.60E+09	5.19E+09
1.044720219	0.001188502	2.63E+09	5.22E+09
1.047128548	0.001188502	2.66E+09	5.25E+09
1.049542429	0.001188502	2.69E+09	5.29E+09
1.054386896	0.001188502	2.73E+09	5.32E+09
1.056817509	0.001188502	2.76E+09	5.35E+09
1.061695557	0.001188502	2.79E+09	5.38E+09
1.064143018	0.001188502	2.82E+09	5.41E+09
1.066596121	0.001188502	2.85E+09	5.44E+09
1.071519305	0.001188502	2.88E+09	5.48E+09
1.073989412	0.001188502	2.92E+09	5.51E+09
1.078946722	0.001188502	2.95E+09	5.54E+09
1.081433951	0.001188502	2.98E+09	5.57E+09
1.086425624	0.001188502	3.04E+09	5.60E+09
1.088930093	0.001188502	3.11E+09	5.63E+09
1.091440336	0.001188502	3.17E+09	5.67E+09
1.096478196	0.001188502	3.23E+09	5.70E+09
1.099005839	0.001188502	3.33E+09	5.73E+09
1.10407862	0.001188502	3.39E+09	5.76E+09
1.106623784	0.001188502	3.49E+09	5.79E+09
1.111731727	0.001188502	3.55E+09	5.82E+09
1.114294534	0.001191242	3.64E+09	5.86E+09
1.119437883	0.001191242	3.71E+09	5.89E+09
1.122018454	0.001191242	3.80E+09	5.92E+09
1.127197456	0.001191242	3.90E+09	5.95E+09
1.129795915	0.001191242	3.99E+09	5.98E+09
1.135010816	0.001191242	4.09E+09	6.01E+09
1.137627286	0.001191242	4.18E+09	6.05E+09
1.142878335	0.001191242	4.28E+09	6.08E+09
1.145512941	0.001191242	4.37E+09	6.11E+09
1.150800389	0.001191242	4.47E+09	6.14E+09
1.156112242	0.001191242	4.56E+09	6.17E+09
1.158777356	0.001191242	4.69E+09	6.20E+09
1.164126029	0.001191242	4.78E+09	6.24E+09
1.166809617	0.001191242	4.91E+09	6.27E+09
1.172195366	0.001191242	5.01E+09	6.30E+09
1.174897555	0.001191242	5.13E+09	6.33E+09
1.180320636	0.001191242	5.26E+09	6.36E+09
1.183041556	0.001191242	5.39E+09	6.39E+09
1.188502227	0.001191242	5.51E+09	6.43E+09
1.191242008	0.001191242	5.64E+09	6.46E+09
1.196740531	0.001191242	5.77E+09	6.49E+09
1.199499303	0.001191242	5.89E+09	6.52E+09
1.20503594	0.001191242	6.02E+09	6.55E+09
1.207813835	0.001191242	6.18E+09	6.58E+09
1.21338885	0.001191242	6.31E+09	6.62E+09
1.216186001	0.001191242	6.46E+09	6.65E+09
1.22179966	0.001191242	6.62E+09	6.68E+09
1.233104833	0.001191242	6.75E+09	6.77E+09
1.256029964	0.001191242	6.91E+09	6.93E+09
1.279381304	0.001191242	7.07E+09	7.09E+09
1.300169578	0.001191242	7.26E+09	7.25E+09
1.324341535	0.001191242	7.42E+09	7.41E+09
1.345860354	0.001193988	7.57E+09	7.60E+09
1.364583137	0.001193988	7.76E+09	7.76E+09
1.393156803	0.001193988	7.95E+09	7.95E+09
1.428893959	0.001193988	8.11E+09	8.14E+09
1.465547841	0.001193988	8.30E+09	8.33E+09
	0.001193988	8.49E+09	
	0.001193988	8.71E+09	
	0.001193988	8.90E+09	
	0.001193988	9.13E+09	
	0.001193988	9.32E+09	
	0.001193988	9.54E+09	
	0.001193988	9.76E+09	
	0.001193988	9.98E+09	