Lbol	tbol
0.084139514	5.13E+05
0.083945999	5.48E+05
0.083560302	5.83E+05
0.083368118	6.17E+05
0.082985077	6.51E+05
0.082794216	6.83E+05
0.082603795	7.14E+05
0.082224265	7.45E+05
0.082035154	7.75E+05
0.081658237	8.04E+05
0.081470428	8.32E+05
0.081283052	8.60E+05
0.08090959	8.87E+05
0.080723503	9.13E+05
0.080537844	9.39E+05
0.080167806	9.64E+05
0.079983426	9.88E+05
0.079799469	1.01E+06
0.079432823	1.03E+06
0.079250133	1.06E+06
0.079067863	1.08E+06
0.078704579	1.10E+06
0.078523563	1.12E+06
0.078342964	1.14E+06
0.07816278	1.16E+06
0.077803655	1.18E+06
0.077624712	1.20E+06
0.07744618	1.22E+06
0.077268059	1.24E+06
0.076913044	1.25E+06
0.076736149	1.27E+06
0.076559661	1.29E+06
0.076383578	1.30E+06
0.076032628	1.32E+06
0.075857758	1.34E+06
0.07568329	1.35E+06
0.075509223	1.37E+06
0.075335556	1.38E+06
0.075162289	1.39E+06
0.07481695	1.41E+06
0.074644876	1421890
0.074473197	1.44E+06
0.074301914	1.45E+06
0.074131024	1.46E+06
0.073960528	1.47E+06
0.073790423	1.49E+06
0.07362071	1.50E+06
0.073451387	1.51E+06
0.073282453	1.52E+06
0.072945751	1.53E+06
0.072610596	1.55E+06
0.072110748	1.58E+06
0.071449633	1.62E+06
0.070794578	1.66E+06
0.07014553	1.70E+06
0.069342581	1.74E+06
0.068548823	1.78E+06
0.067297666	1.82E+06
0.06591739	1.86E+06
0.064714262	1.90E+06
0.063386971	1.95E+06
0.06180164	1.99E+06
0.060394863	2.04E+06
0.059020108	2.08E+06
0.057411646	2.13E+06
0.055847019	2.19E+06
0.054200089	2.25E+06
0.052966344	2.29E+06
0.051404365	2.36E+06
0.050350061	2.41E+06
0.04931738	2.45E+06
0.047863009	2.53E+06
0.046881338	2.58E+06
0.045919801	2.63E+06
0.044977985	2.69E+06
0.043651583	2.77E+06
0.042756289	2.83E+06
0.041879357	2.89E+06
0.041114972	2.95E+06
0.040271703	3.02E+06
0.03908409	3.12E+06
0.038282474	3.18E+06
0.03758374	3.25E+06
0.036812897	3.33E+06
0.036057864	3.40E+06
0.035399734	3.48E+06
0.034673685	3.56E+06
0.034040819	3.64E+06
0.033342641	3.72E+06
0.032734069	3.81E+06
0.032062693	3.90E+06
0.031477483	3.99E+06
0.03083188	4.09E+06
0.030269134	4.19E+06
0.02971666	4.29E+06
0.029107171	4.39E+06
0.028575905	4.50E+06
0.028054336	4.61E+06
0.027542287	4.72E+06
0.027227013	4.78E+06
0.026730064	4.89E+06
0.026242185	5.02E+06
0.025763212	5.14E+06
0.02529298	5.27E+06
0.024831331	5.40E+06
0.024378108	5.54E+06
0.023988329	5.67E+06
0.023713737	5.75E+06
0.023227368	5.89E+06
0.022750974	6.04E+06
0.022284351	6.19E+06
0.021827299	6.35E+06
0.021379621	6.51E+06
0.02113489	6.60E+06
0.020701413	6.77E+06
0.020276827	6.95E+06
0.019860949	7.13E+06
0.019453601	7.31E+06
0.019275249	7.41E+06
0.018879913	7.61E+06
0.018492686	7.81E+06
0.018113401	8.02E+06
0.017947336	8.13E+06
0.017579236	8.34E+06
0.017218686	8.57E+06
0.01686553	8.80E+06
0.016710906	8.92E+06
0.016368165	9.17E+06
0.016032454	9.42E+06
0.015885467	9.55E+06
0.015559656	9.82E+06
0.015240528	1.01E+07
0.015100802	1.02E+07
0.014791084	1.05E+07
0.014487719	1.08E+07
0.014354894	1.10E+07
0.014060475	1.13E+07
0.013772095	1.16E+07
0.013645831	1.18E+07
0.013365955	1.21E+07
0.013091819	1.24E+07
0.012971793	1.26E+07
0.012705741	1.30E+07
0.0125603	1.32E+07
0.012302688	1.35E+07
0.012050359	1.39E+07
0.011939881	1.41E+07
0.011694994	1.45E+07
0.011455129	1.49E+07
0.011350108	1.52E+07
0.011117317	1.56E+07
0.010990058	1.58E+07
0.010764652	1.63E+07
0.010543869	1.67E+07
0.010447202	1.70E+07
0.01023293	1.75E+07
0.010023052	1.80E+07
0.00993116	1.82E+07
0.009727472	1.88E+07
0.009616123	1.90E+07
0.009418896	1.96E+07
0.009225714	2.02E+07
0.009141132	2.05E+07
0.008953648	2.11E+07
0.008851156	2.14E+07
0.008689604	2.20E+07
0.00851138	2.27E+07
0.008413951	2.30E+07
0.008241381	2.37E+07
0.008165824	2.40E+07
0.007998343	2.47E+07
0.007906786	2.51E+07
0.007744618	2.58E+07
0.007585776	2.66E+07
0.007498942	2.70E+07
0.007328245	2.78E+07
0.00724436	2.82E+07
0.007095778	2.91E+07
0.007014553	2.95E+07
0.006854882	3.04E+07
0.006792036	3.09E+07
0.006637431	3.18E+07
0.006561453	32290071
0.006456542	3.31E+07
0.006309573	3.41E+07
0.006237348	3.46E+07
0.00610942	3.56E+07
0.006011737	3.64E+07
0.005929253	3.71E+07
0.005821032	3.80E+07
0.00572796	3.89E+07
0.005636377	3.98E+07
0.005546257	4.07E+07
0.005445027	4.17E+07
0.005357967	4.26E+07
0.005272299	4.36E+07
0.005188	4.46E+07
0.005093309	4.56E+07
0.005011872	4.67E+07
0.004931738	4.78E+07
0.004852885	4.89E+07
0.00476431	5.00E+07
0.004688134	5.12E+07
0.004613176	5.24E+07
0.004528976	5.36E+07
0.004456562	5.48E+07
0.004385307	5.61E+07
0.004315191	5.74E+07
0.00423643	5.88E+07
0.004168694	6.01E+07
0.004102041	6.15E+07
0.004036454	6.30E+07
0.00396278	6.44E+07
0.00389942	6.60E+07
0.003828247	6.78E+07
0.003775722	6.91E+07
0.003698282	7.10E+07
0.003614099	7.33E+07
0.003572728	7.45E+07
0.003491403	7.69E+07
0.003451437	7.81E+07
0.003411929	7.94E+07
0.003334264	8.20E+07
0.003296097	8.33E+07
0.003221069	8.60E+07
0.003184198	8.74E+07
0.003111716	9.03E+07
0.003076097	9.18E+07
0.003040885	9.33E+07
0.002971666	9.63E+07
0.00293765	9.79E+07
0.002870781	1.01E+08
0.002837919	1.03E+08
0.002805434	1.05E+08
0.002735269	1.08E+08
0.002703958	1.10E+08
0.002642409	1.13E+08
0.002612161	1.15E+08
0.00258226	1.17E+08
0.002517677	1.21E+08
0.002488857	1.23E+08
0.002432204	127499065
0.002404363	129665966
0.00237684	1.32E+08
0.002317395	1.36E+08
0.002290868	1.39E+08
0.002264644	1.41E+08
0.002208005	1.46E+08
0.00218273	1.49E+08
0.002157744	151336958
0.002103778	1.57E+08
0.002079697	1.60E+08
0.002051162	1.62E+08
0.002004472	1.68E+08
0.00197697	1.72E+08
0.001954339	1.75E+08
0.001927525	1.78E+08
0.001883649	1.85E+08
0.001857804	1.88E+08
0.001836538	1.92E+08
0.00181134	1.96E+08
0.001790606	1.99E+08
0.001745822	2.08E+08
0.001725838	2.12E+08
0.001702159	2.16E+08
0.001682674	2.21E+08
0.001659587	225272926
0.00164059	2.30E+08
0.00161808	2.35E+08
0.001599558	2.40E+08
0.001577611	2.46E+08
0.001559553	2.51E+08
0.001538155	2.57E+08
0.001520548	2.63E+08
0.001499685	2.70E+08
0.001482518	2.77E+08
0.001462177	2.84E+08
0.00144544	2.91E+08
0.001425608	3.00E+08
0.001409289	3.08E+08
0.001393157	3.17E+08
0.001374042	3.27E+08
0.001361445	3.36E+08
0.00134586	3.46E+08
0.001333521	3.56E+08
0.001321296	3.65E+08
0.001309182	3.75E+08
0.001297179	3.86E+08
0.00128825	3.96E+08
0.001279381	4.06E+08
0.001270574	4.17E+08
0.001264736	4.27E+08
0.001258925	4.38E+08
0.001250259	4.49E+08
0.001244515	4.60E+08
0.001238797	4.70E+08
0.001235947	4.81E+08
0.001230269	4.92E+08
0.001227439	503406710
0.0012218	5.17E+08
0.00121899	5.33E+08
0.001213389	5.52E+08
0.001207814	5.75E+08
0.001205036	602121313
0.001202264	6.34E+08
0.001196741	6.65E+08
0.001196741	6.97E+08
0.001193988	7.29E+08
0.001191242	7.61E+08
0.001191242	7.92E+08
0.001191242	823938886
0.001191242	8.56E+08
0.001188502	8.87E+08
0.001188502	9.19E+08
0.001188502	9.51E+08
0.001188502	9.82E+08
0.001188502	1.01E+09
0.001188502	1.05E+09
0.001188502	1.08E+09
0.001188502	1.11E+09
0.001188502	1.14E+09
0.001188502	1.17E+09
0.001188502	1.20E+09
0.001188502	1.24E+09
0.001188502	1.27E+09
0.001188502	1.30E+09
0.001188502	1.33E+09
0.001188502	1.36E+09
0.001188502	1.39E+09
0.001188502	1.43E+09
0.001188502	1.46E+09
0.001188502	1.49E+09
0.001188502	1.52E+09
0.001188502	1.55E+09
0.001188502	1.58E+09
0.001188502	1.62E+09
0.001188502	1.65E+09
0.001188502	1.68E+09
0.001188502	1.71E+09
0.001188502	1.74E+09
0.001188502	1.77E+09
0.001188502	1.81E+09
0.001188502	1.84E+09
0.001188502	1.87E+09
0.001188502	1.90E+09
0.001188502	1.93E+09
0.001188502	1.96E+09
0.001188502	2.00E+09
0.001188502	2.03E+09
0.001188502	2.06E+09
0.001188502	2.09E+09
0.001188502	2.12E+09
0.001188502	2.15E+09
0.001188502	2.19E+09
0.001188502	2.22E+09
0.001188502	2.25E+09
0.001188502	2.28E+09
0.001188502	2.31E+09
0.001188502	2.34E+09
0.001188502	2.38E+09
0.001188502	2.41E+09
0.001188502	2.44E+09
0.001188502	2.47E+09
0.001188502	2.50E+09
0.001188502	2.54E+09
0.001188502	2.57E+09
0.001188502	2.60E+09
0.001188502	2.63E+09
0.001188502	2.66E+09
0.001188502	2.69E+09
0.001188502	2.73E+09
0.001188502	2.76E+09
0.001188502	2.79E+09
0.001188502	2.82E+09
0.001188502	2.85E+09
0.001188502	2.88E+09
0.001188502	2.92E+09
0.001188502	2.95E+09
0.001188502	2.98E+09
0.001188502	3.04E+09
0.001188502	3.11E+09
0.001188502	3.17E+09
0.001188502	3.23E+09
0.001188502	3.33E+09
0.001188502	3.39E+09
0.001188502	3.49E+09
0.001188502	3.55E+09
0.001191242	3.64E+09
0.001191242	3.71E+09
0.001191242	3.80E+09
0.001191242	3.90E+09
0.001191242	3.99E+09
0.001191242	4.09E+09
0.001191242	4.18E+09
0.001191242	4.28E+09
0.001191242	4.37E+09
0.001191242	4.47E+09
0.001191242	4.56E+09
0.001191242	4.69E+09
0.001191242	4.78E+09
0.001191242	4.91E+09
0.001191242	5.01E+09
0.001191242	5.13E+09
0.001191242	5.26E+09
0.001191242	5.39E+09
0.001191242	5.51E+09
0.001191242	5.64E+09
0.001191242	5.77E+09
0.001191242	5.89E+09
0.001191242	6.02E+09
0.001191242	6.18E+09
0.001191242	6.31E+09
0.001191242	6.46E+09
0.001191242	6.62E+09
0.001191242	6.75E+09
0.001191242	6.91E+09
0.001191242	7.07E+09
0.001191242	7.26E+09
0.001191242	7.42E+09
0.001193988	7.57E+09
0.001193988	7.76E+09
0.001193988	7.95E+09
0.001193988	8.11E+09
0.001193988	8.30E+09
0.001193988	8.49E+09
0.001193988	8.71E+09
0.001193988	8.90E+09
0.001193988	9.13E+09
0.001193988	9.32E+09
0.001193988	9.54E+09
0.001193988	9.76E+09
0.001193988	9.98E+09